1677149849 Thu Feb 23 16:27:29 2023
4095   427  4095  4095  4095  
   1   164    29  
1677149850 Thu Feb 23 16:27:30 2023
4095   449  4095  4095  4095  
   1   123    29  
1677149851 Thu Feb 23 16:27:31 2023
4095   453  4095  4095  4095  
   1    95    29  
1677149851 Thu Feb 23 16:27:31 2023
4095  4095  4095  4095  4095  
   1    80    29  
1677149851 Thu Feb 23 16:27:31 2023
4095   477  4095  4095  4095  
   1    83    29  
1677149852 Thu Feb 23 16:27:31 2023
4095   442  4095  4095  4095  
   1   146    29  
1677149852 Thu Feb 23 16:27:32 2023
4095   474  4095  4095  4095  
   1   109    29  
1677149853 Thu Feb 23 16:27:33 2023
4095   443  4095  4095  4095  
   1   106    29  
1677149854 Thu Feb 23 16:27:33 2023
4095   444  4095  4095  4095  
   1   107    29  
1677149854 Thu Feb 23 16:27:34 2023
4095   485  4095  4095  4095  
   1   102    29  
1677149854 Thu Feb 23 16:27:34 2023
4095   448  4095  4095  4095  
   1   143    29  
1677149855 Thu Feb 23 16:27:35 2023
4095   433  4095  4095  4095  
   1   111    29  
1677149856 Thu Feb 23 16:27:35 2023
4095   434  4095  4095  4095  
   1   181    29  
1677149857 Thu Feb 23 16:27:36 2023
4095   462  4095  4095  4095  
   1   121    29  
1677149857 Thu Feb 23 16:27:37 2023
4095  4095  4095  4095  4095  
   1    71    29  
1677149857 Thu Feb 23 16:27:37 2023
4095   436  4095  4095  4095  
   1   225    29  
1677149858 Thu Feb 23 16:27:38 2023
4095   473  4095  4095  4095  
   1   114    29  
1677149858 Thu Feb 23 16:27:38 2023
4095   441  4095  4095  4095  
   1   117    29  
1677149859 Thu Feb 23 16:27:39 2023
4095  4095  4095  4095  4095  
   1    44    29  
1677149859 Thu Feb 23 16:27:39 2023
4095   434  4095  4095  4095  
   1   115    29  
1677149860 Thu Feb 23 16:27:40 2023
4095   437  4095  4095  4095  
   1   102    29  
1677149860 Thu Feb 23 16:27:40 2023
4095  4095  4095  4095  4095  
   1    80    29  
1677149862 Thu Feb 23 16:27:41 2023
4095   474  4095  4095  4095  
   1    93    29  
1677149862 Thu Feb 23 16:27:42 2023
4095   450  4095  4095  4095  
   1   122    29  
1677149862 Thu Feb 23 16:27:42 2023
4095   457  4095  4095  4095  
   1   111    29  
1677149863 Thu Feb 23 16:27:43 2023
4095   457  4095  4095  4095  
   1   122    29  
1677149863 Thu Feb 23 16:27:43 2023
4095   454  4095  4095  4095  
   1   104    29  
1677149864 Thu Feb 23 16:27:43 2023
4095   456  4095  4095  4095  
   1   106    29  
1677149864 Thu Feb 23 16:27:44 2023
4095   461  4095  4095  4095  
   1   118    29  
1677149864 Thu Feb 23 16:27:44 2023
4095   453  4095  4095  4095  
   1   139    29  
1677149865 Thu Feb 23 16:27:45 2023
4095   446  4095  4095  4095  
   1   107    29  
1677149866 Thu Feb 23 16:27:45 2023
4095   475  4095  4095  4095  
   1    82    29  
1677149866 Thu Feb 23 16:27:46 2023
4095   461  4095  4095  4095  
   1    94    29  
1677149866 Thu Feb 23 16:27:46 2023
4095   424  4095  4095  4095  
   1   145    29  
1677149867 Thu Feb 23 16:27:47 2023
4095   425  4095  4095  4095  
   1   134    29  
1677149867 Thu Feb 23 16:27:47 2023
4095   439  4095  4095  4095  
   1   168    29  
1677149868 Thu Feb 23 16:27:47 2023
4095   450  4095  4095  4095  
   1   126    29  
1677149868 Thu Feb 23 16:27:48 2023
4095   501  4095  4095  4095  
   1    79    29  
1677149869 Thu Feb 23 16:27:48 2023
4095   433  4095  4095  4095  
   1   169    29  
1677149869 Thu Feb 23 16:27:49 2023
4095   444  4095  4095  4095  
   1   119    29  
1677149870 Thu Feb 23 16:27:49 2023
4095   463  4095  4095  4095  
   1   128    29  
1677149870 Thu Feb 23 16:27:50 2023
4095   480  4095  4095  4095  
   1   112    29  
1677149870 Thu Feb 23 16:27:50 2023
4095   448  4095  4095  4095  
   1   106    29  
1677149870 Thu Feb 23 16:27:50 2023
4095  4095  4095  4095  4095  
   1    72    29  
1677149871 Thu Feb 23 16:27:51 2023
4095   454  4095  4095  4095  
   1    98    29  
1677149872 Thu Feb 23 16:27:52 2023
4095   454  4095  4095  4095  
   1    98    29  
1677149873 Thu Feb 23 16:27:52 2023
4095   447  4095  4095  4095  
   1    94    29  
1677149873 Thu Feb 23 16:27:53 2023
4095   474  4095  4095  4095  
   1   108    29  
1677149874 Thu Feb 23 16:27:54 2023
4095   434  4095  4095  4095  
   1   125    29  
1677149874 Thu Feb 23 16:27:54 2023
4095   464  4095  4095  4095  
   1   101    29  
1677149874 Thu Feb 23 16:27:54 2023
4095   463  4095  4095  4095  
   1   110    29  
1677149875 Thu Feb 23 16:27:55 2023
4095   474  4095  4095  4095  
   1    83    29  
1677149875 Thu Feb 23 16:27:55 2023
4095   467  4095  4095  4095  
   1   102    29  
1677149876 Thu Feb 23 16:27:56 2023
4095   455  4095  4095  4095  
   1   139    29  
1677149876 Thu Feb 23 16:27:56 2023
4095   470  4095  4095  4095  
   1   116    29  
1677149878 Thu Feb 23 16:27:58 2023
4095   433  4095  4095  4095  
   1   105    29  
1677149878 Thu Feb 23 16:27:58 2023
4095   445  4095  4095  4095  
   1    86    29  
1677149879 Thu Feb 23 16:27:58 2023
4095   453  4095  4095  4095  
   1    96    29  
1677149879 Thu Feb 23 16:27:59 2023
4095   461  4095  4095  4095  
   1   100    29  
1677149880 Thu Feb 23 16:28:00 2023
4095   448  4095  4095  4095  
   1   133    29  
1677149881 Thu Feb 23 16:28:00 2023
4095   437  4095  4095  4095  
   1    91    29  
1677149881 Thu Feb 23 16:28:01 2023
4095   473  4095  4095  4095  
   1    96    29  
1677149881 Thu Feb 23 16:28:01 2023
4095   453  4095  4095  4095  
   1   114    29  
1677149882 Thu Feb 23 16:28:02 2023
4095   456  4095  4095  4095  
   1   113    29  
1677149882 Thu Feb 23 16:28:02 2023
4095   446  4095  4095  4095  
   1   128    29  
1677149883 Thu Feb 23 16:28:03 2023
4095   449  4095  4095  4095  
   1   139    29  
1677149883 Thu Feb 23 16:28:03 2023
4095   447  4095  4095  4095  
   1    89    29  
1677149883 Thu Feb 23 16:28:03 2023
4095   424  4095  4095  4095  
   1   266    29  
1677149885 Thu Feb 23 16:28:05 2023
4095   461  4095  4095  4095  
   1    89    29  
1677149887 Thu Feb 23 16:28:07 2023
4095   438  4095  4095  4095  
   1   101    29  
1677149887 Thu Feb 23 16:28:07 2023
4095   443  4095  4095  4095  
   1   129    29  
1677149888 Thu Feb 23 16:28:08 2023
4095   449  4095  4095  4095  
   1    94    29  
1677149888 Thu Feb 23 16:28:08 2023
4095   449  4095  4095  4095  
   1   101    29  
1677149888 Thu Feb 23 16:28:08 2023
4095   472  4095  4095  4095  
   1   114    29  
1677149889 Thu Feb 23 16:28:08 2023
4095   418  4095  4095  4095  
   1   226    29  
1677149889 Thu Feb 23 16:28:09 2023
4095   445  4095  4095  4095  
   1   112    29  
1677149889 Thu Feb 23 16:28:09 2023
4095   473  4095  4095  4095  
   1   103    29  
1677149889 Thu Feb 23 16:28:09 2023
4095   454  4095  4095  4095  
   1   105    29  
1677149890 Thu Feb 23 16:28:09 2023
4095   458  4095  4095  4095  
   1   148    29  
1677149890 Thu Feb 23 16:28:10 2023
4095   475  4095  4095  4095  
   1    92    29  
1677149891 Thu Feb 23 16:28:11 2023
4095   601  4095  4095  4095  
   1    87    29  
1677149891 Thu Feb 23 16:28:11 2023
4095   439  4095  4095  4095  
   1   132    29  
1677149892 Thu Feb 23 16:28:12 2023
4095   444  4095  4095  4095  
   1    96    29  
1677149893 Thu Feb 23 16:28:12 2023
4095   545  4095  4095  4095  
   1    94    29  
1677149893 Thu Feb 23 16:28:13 2023
4095   486  4095  4095  4095  
   1    99    29  
1677149893 Thu Feb 23 16:28:13 2023
4095   485  4095  4095  4095  
   1   102    29  
1677149894 Thu Feb 23 16:28:14 2023
4095   481  4095  4095  4095  
   1   108    29  
1677149894 Thu Feb 23 16:28:14 2023
4095   491  4095  4095  4095  
   1    89    29  
1677149894 Thu Feb 23 16:28:14 2023
4095   441  4095  4095  4095  
   1   109    29  
1677149896 Thu Feb 23 16:28:15 2023
4095   466  4095  4095  4095  
   1   122    29  
1677149896 Thu Feb 23 16:28:16 2023
4095   443  4095  4095  4095  
   1   110    29  
1677149897 Thu Feb 23 16:28:17 2023
4095   446  4095  4095  4095  
   1   112    29  
1677149898 Thu Feb 23 16:28:17 2023
4095   476  4095  4095  4095  
   1   102    29  
1677149898 Thu Feb 23 16:28:18 2023
4095   479  4095  4095  4095  
   1   101    29  
1677149899 Thu Feb 23 16:28:19 2023
4095   459  4095  4095  4095  
   1   123    29  
1677149900 Thu Feb 23 16:28:19 2023
4095   425  4095  4095  4095  
   1   136    29  
1677149902 Thu Feb 23 16:28:22 2023
4095   438  4095  4095  4095  
   1   103    29  
1677149903 Thu Feb 23 16:28:22 2023
4095   471  4095  4095  4095  
   1   122    29  
1677149904 Thu Feb 23 16:28:24 2023
4095   473  4095  4095  4095  
   1    86    29  
1677149904 Thu Feb 23 16:28:24 2023
4095   407  4095  4095  4095  
   1   128    29  
1677149905 Thu Feb 23 16:28:25 2023
4095   475  4095  4095  4095  
   1   119    29  
1677149905 Thu Feb 23 16:28:25 2023
4095   445  4095  4095  4095  
   1    89    29  
1677149906 Thu Feb 23 16:28:25 2023
4095   424  4095  4095  4095  
   1   280    29  
1677149907 Thu Feb 23 16:28:26 2023
4095   440  4095  4095  4095  
   1   116    29  
1677149907 Thu Feb 23 16:28:27 2023
4095   423  4095  4095  4095  
   1   110    29  
1677149908 Thu Feb 23 16:28:27 2023
4095   451  4095  4095  4095  
   1   113    29  
1677149908 Thu Feb 23 16:28:28 2023
4095   463  4095  4095  4095  
   1   134    29  
1677149910 Thu Feb 23 16:28:30 2023
4095   471  4095  4095  4095  
   1   107    29  
1677149910 Thu Feb 23 16:28:30 2023
4095   509  4095  4095  4095  
   1   105    29  
1677149911 Thu Feb 23 16:28:31 2023
4095   480  4095  4095  4095  
   1   110    29  
1677149912 Thu Feb 23 16:28:32 2023
4095   454  4095  4095  4095  
   1    94    29  
1677149913 Thu Feb 23 16:28:32 2023
4095  4095  4095  4095  4095  
   1    78    29  
1677149913 Thu Feb 23 16:28:33 2023
4095   456  4095  4095  4095  
   1   112    29  
1677149914 Thu Feb 23 16:28:34 2023
4095   440  4095  4095  4095  
   1   186    29  
1677149915 Thu Feb 23 16:28:35 2023
4095   438  4095  4095  4095  
   1   129    29  
1677149915 Thu Feb 23 16:28:35 2023
4095   464  4095  4095  4095  
   1   115    29  
1677149916 Thu Feb 23 16:28:36 2023
4095   455  4095  4095  4095  
   1   114    29  
1677149916 Thu Feb 23 16:28:36 2023
4095   454  4095  4095  4095  
   1   104    29  
1677149917 Thu Feb 23 16:28:37 2023
4095   494  4095  4095  4095  
   1    87    29  
1677149918 Thu Feb 23 16:28:37 2023
4095   444  4095  4095  4095  
   1   177    29  
1677149919 Thu Feb 23 16:28:39 2023
4095   434  4095  4095  4095  
   1   119    29  
1677149920 Thu Feb 23 16:28:39 2023
4095   439  4095  4095  4095  
   1   166    29  
1677149920 Thu Feb 23 16:28:40 2023
4095  4095  4095  4095  4095  
   1    44    29  
1677149923 Thu Feb 23 16:28:42 2023
4095   474  4095  4095  4095  
   1    86    29  
1677149924 Thu Feb 23 16:28:44 2023
4095   446  4095  4095  4095  
   1   111    29  
1677149925 Thu Feb 23 16:28:44 2023
4095   452  4095  4095  4095  
   1   129    29  
1677149925 Thu Feb 23 16:28:45 2023
4095   384  4095  4095  4095  
   1   103    29  
1677149926 Thu Feb 23 16:28:45 2023
4095   424  4095  4095  4095  
   1   145    29  
1677149926 Thu Feb 23 16:28:46 2023
4095   464  4095  4095  4095  
   1   112    29  
1677149926 Thu Feb 23 16:28:46 2023
4095   436  4095  4095  4095  
   1   170    29  
1677149926 Thu Feb 23 16:28:46 2023
4095  4095  4095  4095  4095  
   1    73    29  
1677149927 Thu Feb 23 16:28:47 2023
4095   455  4095  4095  4095  
   1   172    29  
1677149928 Thu Feb 23 16:28:48 2023
4095   439  4095  4095  4095  
   1   263    29  
1677149929 Thu Feb 23 16:28:48 2023
4095   454  4095  4095  4095  
   1   106    29  
1677149929 Thu Feb 23 16:28:49 2023
4095   433  4095  4095  4095  
   1   119    29  
1677149930 Thu Feb 23 16:28:49 2023
4095   441  4095  4095  4095  
   1   102    29  
1677149930 Thu Feb 23 16:28:50 2023
4095   463  4095  4095  4095  
   1   129    29  
1677149930 Thu Feb 23 16:28:50 2023
4095   465  4095  4095  4095  
   1   117    29  
1677149931 Thu Feb 23 16:28:50 2023
4095   440  4095  4095  4095  
   1   159    29  
1677149931 Thu Feb 23 16:28:51 2023
4095   483  4095  4095  4095  
   1   104    29  
1677149932 Thu Feb 23 16:28:51 2023
4095   550  4095  4095  4095  
   1    87    29  
1677149932 Thu Feb 23 16:28:52 2023
4095   441  4095  4095  4095  
   1   132    29  
1677149932 Thu Feb 23 16:28:52 2023
4095   472  4095  4095  4095  
   1   104    29  
1677149933 Thu Feb 23 16:28:53 2023
4095   468  4095  4095  4095  
   1    94    29  
1677149933 Thu Feb 23 16:28:53 2023
4095   441  4095  4095  4095  
   1   142    29  
1677149934 Thu Feb 23 16:28:53 2023
4095   459  4095  4095  4095  
   1   117    29  
1677149934 Thu Feb 23 16:28:54 2023
4095   440  4095  4095  4095  
   1   246    29  
1677149934 Thu Feb 23 16:28:54 2023
4095   479  4095  4095  4095  
   1   102    29  
1677149935 Thu Feb 23 16:28:54 2023
4095   461  4095  4095  4095  
   1   109    29  
1677149935 Thu Feb 23 16:28:55 2023
4095   435  4095  4095  4095  
   1   123    29  
1677149935 Thu Feb 23 16:28:55 2023
4095   422  4095  4095  4095  
   1   146    29  
1677149936 Thu Feb 23 16:28:56 2023
4095   433  4095  4095  4095  
   1   168    29  
1677149936 Thu Feb 23 16:28:56 2023
4095   525  4095  4095  4095  
   1    88    29  
1677149936 Thu Feb 23 16:28:56 2023
4095   475  4095  4095  4095  
   1    92    29  
1677149937 Thu Feb 23 16:28:57 2023
4095   436  4095  4095  4095  
   1   194    29  
1677149937 Thu Feb 23 16:28:57 2023
4095   470  4095  4095  4095  
   1   104    29  
1677149937 Thu Feb 23 16:28:57 2023
4095   456  4095  4095  4095  
   1    92    29  
1677149938 Thu Feb 23 16:28:58 2023
4095   455  4095  4095  4095  
   1   103    29  
1677149939 Thu Feb 23 16:28:59 2023
4095   511  4095  4095  4095  
   1    96    29  
1677149939 Thu Feb 23 16:28:59 2023
4095   442  4095  4095  4095  
   1   123    29  
1677149940 Thu Feb 23 16:29:00 2023
4095   471  4095  4095  4095  
   1   133    29  
1677149940 Thu Feb 23 16:29:00 2023
4095   456  4095  4095  4095  
   1   118    29  
1677149941 Thu Feb 23 16:29:01 2023
4095   453  4095  4095  4095  
   1   127    29  
1677149941 Thu Feb 23 16:29:01 2023
4095   453  4095  4095  4095  
   1    86    29  
1677149941 Thu Feb 23 16:29:01 2023
4095   448  4095  4095  4095  
   1   117    29  
1677149942 Thu Feb 23 16:29:02 2023
4095   433  4095  4095  4095  
   1   109    29  
1677149942 Thu Feb 23 16:29:02 2023
4095   445  4095  4095  4095  
   1    97    29  
1677149943 Thu Feb 23 16:29:02 2023
4095   443  4095  4095  4095  
   1   129    29  
1677149943 Thu Feb 23 16:29:03 2023
4095   463  4095  4095  4095  
   1   124    29  
1677149943 Thu Feb 23 16:29:03 2023
4095  4095  4095  4095  4095  
   1    83    29  
1677149944 Thu Feb 23 16:29:03 2023
4095   437  4095  4095  4095  
   1   134    29  
1677149944 Thu Feb 23 16:29:04 2023
4095   472  4095  4095  4095  
   1    98    29  
1677149945 Thu Feb 23 16:29:05 2023
4095   442  4095  4095  4095  
   1   176    29  
1677149945 Thu Feb 23 16:29:05 2023
4095   438  4095  4095  4095  
   1   128    29  
1677149946 Thu Feb 23 16:29:06 2023
4095   447  4095  4095  4095  
   1    92    29  
1677149947 Thu Feb 23 16:29:06 2023
4095   462  4095  4095  4095  
   1   131    29  
1677149947 Thu Feb 23 16:29:07 2023
4095   473  4095  4095  4095  
   1   140    29  
1677149947 Thu Feb 23 16:29:07 2023
4095  4095  4095  4095  4095  
   1    87    29  
1677149948 Thu Feb 23 16:29:08 2023
4095   432  4095  4095  4095  
   1   185    29  
1677149949 Thu Feb 23 16:29:08 2023
4095   468  4095  4095  4095  
   1    88    29  
1677149950 Thu Feb 23 16:29:09 2023
4095   463  4095  4095  4095  
   1    83    29  
1677149951 Thu Feb 23 16:29:10 2023
4095   452  4095  4095  4095  
   1   133    29  
1677149952 Thu Feb 23 16:29:12 2023
4095   449  4095  4095  4095  
   1   128    29  
1677149953 Thu Feb 23 16:29:12 2023
4095   487  4095  4095  4095  
   1    94    29  
1677149953 Thu Feb 23 16:29:13 2023
4095   436  4095  4095  4095  
   1    97    29  
1677149953 Thu Feb 23 16:29:13 2023
4095   440  4095  4095  4095  
   1    81    29  
1677149954 Thu Feb 23 16:29:14 2023
4095   465  4095  4095  4095  
   1    88    29  
1677149955 Thu Feb 23 16:29:15 2023
4095   495  4095  4095  4095  
   1    92    29  
1677149956 Thu Feb 23 16:29:15 2023
4095   442  4095  4095  4095  
   1   165    29  
1677149956 Thu Feb 23 16:29:16 2023
4095   437  4095  4095  4095  
   1   100    29  
1677149957 Thu Feb 23 16:29:16 2023
4095   445  4095  4095  4095  
   1   105    29  
1677149958 Thu Feb 23 16:29:17 2023
4095   462  4095  4095  4095  
   1   102    29  
1677149958 Thu Feb 23 16:29:18 2023
4095   445  4095  4095  4095  
   1   118    29  
1677149958 Thu Feb 23 16:29:18 2023
4095   443  4095  4095  4095  
   1    99    29  
1677149959 Thu Feb 23 16:29:19 2023
4095   451  4095  4095  4095  
   1   143    29  
1677149959 Thu Feb 23 16:29:19 2023
4095   475  4095  4095  4095  
   1    76    29  
1677149960 Thu Feb 23 16:29:20 2023
4095  4095  4095  4095  4095  
   1    85    29  
1677149961 Thu Feb 23 16:29:21 2023
4095   440  4095  4095  4095  
   1   135    29  
1677149961 Thu Feb 23 16:29:21 2023
4095   472  4095  4095  4095  
   1   114    29  
1677149962 Thu Feb 23 16:29:21 2023
4095   458  4095  4095  4095  
   1    95    29  
1677149962 Thu Feb 23 16:29:22 2023
4095   507  4095  4095  4095  
   1    89    29  
1677149962 Thu Feb 23 16:29:22 2023
4095   428  4095  4095  4095  
   1   142    29  
1677149963 Thu Feb 23 16:29:23 2023
4095   449  4095  4095  4095  
   1    92    29  
1677149963 Thu Feb 23 16:29:23 2023
4095   435  4095  4095  4095  
   1   114    29  
1677149965 Thu Feb 23 16:29:25 2023
4095   482  4095  4095  4095  
   1    90    29  
1677149966 Thu Feb 23 16:29:26 2023
4095   486  4095  4095  4095  
   1    96    29  
1677149966 Thu Feb 23 16:29:26 2023
4095   467  4095  4095  4095  
   1   107    29  
1677149967 Thu Feb 23 16:29:27 2023
4095   445  4095  4095  4095  
   1   109    29  
1677149968 Thu Feb 23 16:29:27 2023
4095   474  4095  4095  4095  
   1   108    29  
1677149969 Thu Feb 23 16:29:28 2023
4095   473  4095  4095  4095  
   1   119    29  
1677149969 Thu Feb 23 16:29:29 2023
4095  4095  4095  4095  4095  
   1   119    29  
1677149969 Thu Feb 23 16:29:29 2023
4095   446  4095  4095  4095  
   1    89    29  
1677149970 Thu Feb 23 16:29:30 2023
4095   444  4095  4095  4095  
   1   157    29  
1677149971 Thu Feb 23 16:29:31 2023
4095   447  4095  4095  4095  
   1   116    29  
1677149971 Thu Feb 23 16:29:31 2023
4095  4095  4095  4095  4095  
   1    83    29  
1677149972 Thu Feb 23 16:29:31 2023
4095   433  4095  4095  4095  
   1   160    29  
1677149972 Thu Feb 23 16:29:32 2023
4095   475  4095  4095  4095  
   1   150    29  
1677149972 Thu Feb 23 16:29:32 2023
4095  4095  4095  4095  4095  
   1    65    29  
1677149973 Thu Feb 23 16:29:32 2023
4095   444  4095  4095  4095  
   1   107    29  
1677149973 Thu Feb 23 16:29:33 2023
4095   444  4095  4095  4095  
   1   140    29  
1677149974 Thu Feb 23 16:29:33 2023
4095   447  4095  4095  4095  
   1   145    29  
1677149974 Thu Feb 23 16:29:34 2023
4095   471  4095  4095  4095  
   1    84    29  
1677149975 Thu Feb 23 16:29:34 2023
4095   450  4095  4095  4095  
   1    96    29  
1677149975 Thu Feb 23 16:29:35 2023
4095   472  4095  4095  4095  
   1    91    29  
1677149975 Thu Feb 23 16:29:35 2023
4095   435  4095  4095  4095  
   1   119    29  
1677149977 Thu Feb 23 16:29:36 2023
4095   455  4095  4095  4095  
   1   113    29  
1677149977 Thu Feb 23 16:29:37 2023
4095   449  4095  4095  4095  
   1   114    29  
1677149977 Thu Feb 23 16:29:37 2023
4095   467  4095  4095  4095  
   1    89    29  
1677149978 Thu Feb 23 16:29:37 2023
4095   439  4095  4095  4095  
   1   163    29  
1677149978 Thu Feb 23 16:29:38 2023
4095   443  4095  4095  4095  
   1   114    29  
1677149979 Thu Feb 23 16:29:38 2023
4095   442  4095  4095  4095  
   1   105    29  
1677149979 Thu Feb 23 16:29:39 2023
4095   470  4095  4095  4095  
   1   123    29  
1677149980 Thu Feb 23 16:29:39 2023
4095   462  4095  4095  4095  
   1   118    29  
1677149981 Thu Feb 23 16:29:41 2023
4095   444  4095  4095  4095  
   1   127    29  
1677149982 Thu Feb 23 16:29:41 2023
4095   466  4095  4095  4095  
   1    86    29  
1677149983 Thu Feb 23 16:29:42 2023
4095   461  4095  4095  4095  
   1   103    29  
1677149983 Thu Feb 23 16:29:43 2023
4095   441  4095  4095  4095  
   1   123    29  
1677149984 Thu Feb 23 16:29:43 2023
4095   448  4095  4095  4095  
   1   150    29  
1677149984 Thu Feb 23 16:29:44 2023
4095   480  4095  4095  4095  
   1    92    29  
1677149985 Thu Feb 23 16:29:45 2023
4095   467  4095  4095  4095  
   1   143    29  
1677149986 Thu Feb 23 16:29:45 2023
4095  4095  4095  4095  4095  
   1    54    29  
1677149986 Thu Feb 23 16:29:46 2023
4095   470  4095  4095  4095  
   1    88    29  
1677149987 Thu Feb 23 16:29:47 2023
4095   436  4095  4095  4095  
   1   239    29  
1677149988 Thu Feb 23 16:29:47 2023
4095   453  4095  4095  4095  
   1    96    29  
1677149988 Thu Feb 23 16:29:48 2023
4095   473  4095  4095  4095  
   1   102    29  
1677149989 Thu Feb 23 16:29:49 2023
4095   433  4095  4095  4095  
   1   108    29  
1677149990 Thu Feb 23 16:29:50 2023
4095   500  4095  4095  4095  
   1    84    29  
1677149991 Thu Feb 23 16:29:50 2023
4095   453  4095  4095  4095  
   1   100    29  
1677149991 Thu Feb 23 16:29:51 2023
4095   477  4095  4095  4095  
   1   115    29  
1677149992 Thu Feb 23 16:29:52 2023
4095   453  4095  4095  4095  
   1   139    29  
1677149993 Thu Feb 23 16:29:53 2023
4095   449  4095  4095  4095  
   1    99    29  
1677149993 Thu Feb 23 16:29:53 2023
4095   447  4095  4095  4095  
   1    92    29  
1677149993 Thu Feb 23 16:29:53 2023
4095   478  4095  4095  4095  
   1   109    29  
1677149994 Thu Feb 23 16:29:54 2023
4095  4095  4095  4095  4095  
   1    73    29  
1677149995 Thu Feb 23 16:29:55 2023
4095   471  4095  4095  4095  
   1    98    29  
1677149996 Thu Feb 23 16:29:56 2023
4095   461  4095  4095  4095  
   1   111    29  
1677149997 Thu Feb 23 16:29:56 2023
4095   449  4095  4095  4095  
   1   114    29  
1677149997 Thu Feb 23 16:29:57 2023
4095   486  4095  4095  4095  
   1    97    29  
1677149997 Thu Feb 23 16:29:57 2023
4095   475  4095  4095  4095  
   1   120    29  
1677149998 Thu Feb 23 16:29:57 2023
4095   477  4095  4095  4095  
   1   100    29  
1677149998 Thu Feb 23 16:29:58 2023
4095   435  4095  4095  4095  
   1   138    29  
1677149998 Thu Feb 23 16:29:58 2023
4095   435  4095  4095  4095  
   1   187    29  
1677149999 Thu Feb 23 16:29:58 2023
4095   457  4095  4095  4095  
   1    92    29  
1677149999 Thu Feb 23 16:29:59 2023
4095   452  4095  4095  4095  
   1   106    29  
1677149999 Thu Feb 23 16:29:59 2023
4095   415  4095  4095  4095  
   1   119    29  
1677150000 Thu Feb 23 16:30:00 2023
4095   443  4095  4095  4095  
   1    94    29  
1677150001 Thu Feb 23 16:30:01 2023
4095   469  4095  4095  4095  
   1    95    29  
1677150002 Thu Feb 23 16:30:01 2023
4095   450  4095  4095  4095  
   1   106    29  
1677150002 Thu Feb 23 16:30:02 2023
4095   459  4095  4095  4095  
   1    99    29  
1677150003 Thu Feb 23 16:30:03 2023
4095   435  4095  4095  4095  
   1   144    29  
1677150003 Thu Feb 23 16:30:03 2023
4095   445  4095  4095  4095  
   1   118    29  
1677150003 Thu Feb 23 16:30:03 2023
4095   455  4095  4095  4095  
   1   105    29  
1677150004 Thu Feb 23 16:30:04 2023
4095   511  4095  4095  4095  
   1   104    29  
1677150004 Thu Feb 23 16:30:04 2023
4095   467  4095  4095  4095  
   1   105    29  
1677150005 Thu Feb 23 16:30:04 2023
4095   462  4095  4095  4095  
   1   106    29  
1677150005 Thu Feb 23 16:30:05 2023
4095   445  4095  4095  4095  
   1    94    29  
1677150006 Thu Feb 23 16:30:05 2023
4095   481  4095  4095  4095  
   1    94    29  
1677150006 Thu Feb 23 16:30:06 2023
4095   452  4095  4095  4095  
   1   122    29  
1677150006 Thu Feb 23 16:30:06 2023
4095   446  4095  4095  4095  
   1   111    29  
1677150007 Thu Feb 23 16:30:07 2023
4095   437  4095  4095  4095  
   1   144    29  
1677150007 Thu Feb 23 16:30:07 2023
4095   456  4095  4095  4095  
   1   142    29  
1677150008 Thu Feb 23 16:30:07 2023
4095   444  4095  4095  4095  
   1   141    29  
1677150008 Thu Feb 23 16:30:08 2023
4095  4095  4095  4095  4095  
   1    92    29  
1677150008 Thu Feb 23 16:30:08 2023
4095   441  4095  4095  4095  
   1   122    29  
1677150010 Thu Feb 23 16:30:10 2023
4095   455  4095  4095  4095  
   1    84    29  
1677150010 Thu Feb 23 16:30:10 2023
4095   447  4095  4095  4095  
   1   151    29  
1677150011 Thu Feb 23 16:30:11 2023
4095   439  4095  4095  4095  
   1    96    29  
1677150012 Thu Feb 23 16:30:12 2023
4095   472  4095  4095  4095  
   1   106    29  
1677150012 Thu Feb 23 16:30:12 2023
4095   431  4095  4095  4095  
   1   196    29  
1677150013 Thu Feb 23 16:30:13 2023
4095   464  4095  4095  4095  
   1   103    29  
1677150013 Thu Feb 23 16:30:13 2023
4095   456  4095  4095  4095  
   1    94    29  
1677150014 Thu Feb 23 16:30:13 2023
4095   485  4095  4095  4095  
   1    91    29  
1677150014 Thu Feb 23 16:30:14 2023
4095   469  4095  4095  4095  
   1    96    29  
1677150015 Thu Feb 23 16:30:15 2023
4095   447  4095  4095  4095  
   1   113    29  
1677150016 Thu Feb 23 16:30:15 2023
4095  4095  4095  4095  4095  
   1    87    29  
1677150016 Thu Feb 23 16:30:16 2023
4095   450  4095  4095  4095  
   1   158    29  
1677150017 Thu Feb 23 16:30:17 2023
4095   451  4095  4095  4095  
   1   110    29  
1677150017 Thu Feb 23 16:30:17 2023
4095   451  4095  4095  4095  
   1   117    29  
1677150018 Thu Feb 23 16:30:17 2023
4095   437  4095  4095  4095  
   1   127    29  
1677150018 Thu Feb 23 16:30:18 2023
4095   460  4095  4095  4095  
   1   106    29  
1677150020 Thu Feb 23 16:30:20 2023
4095   446  4095  4095  4095  
   1   106    29  
1677150020 Thu Feb 23 16:30:20 2023
4095   440  4095  4095  4095  
   1   165    29  
1677150020 Thu Feb 23 16:30:20 2023
4095   431  4095  4095  4095  
   1   109    29  
1677150021 Thu Feb 23 16:30:21 2023
4095   531  4095  4095  4095  
   1   101    29  
1677150021 Thu Feb 23 16:30:21 2023
4095   446  4095  4095  4095  
   1   194    29  
1677150022 Thu Feb 23 16:30:22 2023
4095   423  4095  4095  4095  
   1   157    29  
1677150022 Thu Feb 23 16:30:22 2023
4095   453  4095  4095  4095  
   1   116    29  
1677150023 Thu Feb 23 16:30:22 2023
4095   474  4095  4095  4095  
   1   110    29  
1677150023 Thu Feb 23 16:30:23 2023
4095   480  4095  4095  4095  
   1    97    29  
1677150024 Thu Feb 23 16:30:23 2023
4095   445  4095  4095  4095  
   1   182    29  
1677150024 Thu Feb 23 16:30:24 2023
4095   442  4095  4095  4095  
   1   103    29  
1677150025 Thu Feb 23 16:30:24 2023
4095   467  4095  4095  4095  
   1    98    29  
1677150025 Thu Feb 23 16:30:25 2023
4095   487  4095  4095  4095  
   1    96    29  
1677150025 Thu Feb 23 16:30:25 2023
4095   435  4095  4095  4095  
   1   165    29  
1677150026 Thu Feb 23 16:30:26 2023
4095   417  4095  4095  4095  
   1   202    29  
1677150027 Thu Feb 23 16:30:27 2023
4095   468  4095  4095  4095  
   1   116    29  
1677150028 Thu Feb 23 16:30:28 2023
4095   463  4095  4095  4095  
   1   100    29  
1677150029 Thu Feb 23 16:30:29 2023
4095   444  4095  4095  4095  
   1   111    29  
1677150029 Thu Feb 23 16:30:29 2023
4095   467  4095  4095  4095  
   1   106    29  
1677150030 Thu Feb 23 16:30:30 2023
4095   443  4095  4095  4095  
   1   146    29  
1677150032 Thu Feb 23 16:30:31 2023
4095   455  4095  4095  4095  
   1   124    29  
1677150032 Thu Feb 23 16:30:32 2023
4095   461  4095  4095  4095  
   1   122    29  
1677150033 Thu Feb 23 16:30:32 2023
4095  4095  4095  4095  4095  
   1    77    29  
1677150033 Thu Feb 23 16:30:33 2023
4095   488  4095  4095  4095  
   1    99    29  
1677150033 Thu Feb 23 16:30:33 2023
4095  4095  4095  4095  4095  
   1    81    29  
1677150034 Thu Feb 23 16:30:33 2023
4095   461  4095  4095  4095  
   1    90    29  
1677150034 Thu Feb 23 16:30:34 2023
4095   464  4095  4095  4095  
   1   128    29  
1677150035 Thu Feb 23 16:30:35 2023
4095   437  4095  4095  4095  
   1   122    29  
1677150035 Thu Feb 23 16:30:35 2023
4095   473  4095  4095  4095  
   1   116    29  
1677150037 Thu Feb 23 16:30:37 2023
4095   445  4095  4095  4095  
   1   145    29  
1677150037 Thu Feb 23 16:30:37 2023
4095   450  4095  4095  4095  
   1   146    29  
1677150037 Thu Feb 23 16:30:37 2023
4095   454  4095  4095  4095  
   1   137    29  
1677150037 Thu Feb 23 16:30:37 2023
4095   467  4095  4095  4095  
   1    86    29  
1677150038 Thu Feb 23 16:30:38 2023
4095  4095  4095  4095  4095  
   1    72    29  
1677150038 Thu Feb 23 16:30:38 2023
4095   443  4095  4095  4095  
   1   115    29  
1677150039 Thu Feb 23 16:30:39 2023
4095   444  4095  4095  4095  
   1   106    29  
1677150039 Thu Feb 23 16:30:39 2023
4095   450  4095  4095  4095  
   1   112    29  
1677150040 Thu Feb 23 16:30:40 2023
4095   460  4095  4095  4095  
   1   124    29  
1677150041 Thu Feb 23 16:30:41 2023
4095   440  4095  4095  4095  
   1   103    29  
1677150042 Thu Feb 23 16:30:41 2023
4095   478  4095  4095  4095  
   1    97    29  
1677150043 Thu Feb 23 16:30:42 2023
4095   461  4095  4095  4095  
   1   121    29  
1677150043 Thu Feb 23 16:30:43 2023
4095   457  4095  4095  4095  
   1   104    29  
1677150044 Thu Feb 23 16:30:43 2023
4095   432  4095  4095  4095  
   1   105    29  
1677150044 Thu Feb 23 16:30:44 2023
4095   449  4095  4095  4095  
   1   114    29  
1677150045 Thu Feb 23 16:30:44 2023
4095   445  4095  4095  4095  
   1   119    29  
1677150046 Thu Feb 23 16:30:45 2023
4095   441  4095  4095  4095  
   1   149    29  
1677150046 Thu Feb 23 16:30:46 2023
4095   426  4095  4095  4095  
   1   139    29  
1677150048 Thu Feb 23 16:30:48 2023
4095   460  4095  4095  4095  
   1   118    29  
1677150049 Thu Feb 23 16:30:48 2023
4095   265  4095  4095  4095  
   1    79    29  
1677150049 Thu Feb 23 16:30:49 2023
4095   445  4095  4095  4095  
   1    99    29  
1677150050 Thu Feb 23 16:30:50 2023
4095   471  4095  4095  4095  
   1   120    29  
1677150051 Thu Feb 23 16:30:50 2023
4095   442  4095  4095  4095  
   1   118    29  
1677150051 Thu Feb 23 16:30:51 2023
4095   403  4095  4095  4095  
   1   410    29  
1677150052 Thu Feb 23 16:30:51 2023
4095   442  4095  4095  4095  
   1   114    29  
1677150054 Thu Feb 23 16:30:53 2023
4095   453  4095  4095  4095  
   1   103    29  
1677150054 Thu Feb 23 16:30:54 2023
4095   481  4095  4095  4095  
   1    89    29  
1677150055 Thu Feb 23 16:30:55 2023
4095   485  4095  4095  4095  
   1   135    29  
1677150055 Thu Feb 23 16:30:55 2023
4095   453  4095  4095  4095  
   1   115    29  
1677150056 Thu Feb 23 16:30:55 2023
4095   505  4095  4095  4095  
   1    96    29  
1677150056 Thu Feb 23 16:30:56 2023
4095   392  4095  4095  4095  
   1   174    29  
1677150056 Thu Feb 23 16:30:56 2023
4095   436  4095  4095  4095  
   1   101    29  
1677150057 Thu Feb 23 16:30:57 2023
4095   447  4095  4095  4095  
   1   148    29  
1677150057 Thu Feb 23 16:30:57 2023
4095   465  4095  4095  4095  
   1   104    29  
1677150058 Thu Feb 23 16:30:58 2023
4095   443  4095  4095  4095  
   1   141    29  
1677150059 Thu Feb 23 16:30:58 2023
4095   485  4095  4095  4095  
   1    92    29  
1677150059 Thu Feb 23 16:30:59 2023
4095  4095  4095  4095  4095  
   1    77    29  
1677150060 Thu Feb 23 16:31:00 2023
4095   445  4095  4095  4095  
   1   100    29  
1677150060 Thu Feb 23 16:31:00 2023
4095   436  4095  4095  4095  
   1   174    29  
1677150061 Thu Feb 23 16:31:01 2023
4095   442  4095  4095  4095  
   1   242    29  
1677150061 Thu Feb 23 16:31:01 2023
4095  4095  4095  4095  4095  
   1    87    29  
1677150062 Thu Feb 23 16:31:01 2023
4095  4095  4095  4095  4095  
   1    45    29  
1677150062 Thu Feb 23 16:31:02 2023
4095   463  4095  4095  4095  
   1   127    29  
1677150064 Thu Feb 23 16:31:04 2023
4095   433  4095  4095  4095  
   1   161    29  
1677150065 Thu Feb 23 16:31:05 2023
4095   442  4095  4095  4095  
   1    92    29  
1677150066 Thu Feb 23 16:31:06 2023
4095   474  4095  4095  4095  
   1   102    29  
1677150066 Thu Feb 23 16:31:06 2023
4095   457  4095  4095  4095  
   1   115    29  
1677150067 Thu Feb 23 16:31:07 2023
4095   445  4095  4095  4095  
   1   101    29  
1677150067 Thu Feb 23 16:31:07 2023
4095   466  4095  4095  4095  
   1   108    29  
1677150068 Thu Feb 23 16:31:08 2023
4095  4095  4095  4095  4095  
   1    74    29  
1677150068 Thu Feb 23 16:31:08 2023
4095   446  4095  4095  4095  
   1   108    29  
1677150069 Thu Feb 23 16:31:08 2023
4095   457  4095  4095  4095  
   1   137    29  
1677150070 Thu Feb 23 16:31:09 2023
4095   452  4095  4095  4095  
   1   113    29  
1677150070 Thu Feb 23 16:31:10 2023
4095   464  4095  4095  4095  
   1    95    29  
1677150070 Thu Feb 23 16:31:10 2023
4095   494  4095  4095  4095  
   1   108    29  
1677150071 Thu Feb 23 16:31:11 2023
4095   428  4095  4095  4095  
   1   197    29  
1677150072 Thu Feb 23 16:31:12 2023
4095   501  4095  4095  4095  
   1    96    29  
1677150072 Thu Feb 23 16:31:12 2023
4095   442  4095  4095  4095  
   1   112    29  
1677150073 Thu Feb 23 16:31:12 2023
4095   430  4095  4095  4095  
   1   151    29  
1677150073 Thu Feb 23 16:31:13 2023
4095   451  4095  4095  4095  
   1   107    29  
1677150074 Thu Feb 23 16:31:14 2023
4095   467  4095  4095  4095  
   1   108    29  
1677150074 Thu Feb 23 16:31:14 2023
4095   485  4095  4095  4095  
   1    74    29  
1677150075 Thu Feb 23 16:31:15 2023
4095   457  4095  4095  4095  
   1   108    29  
1677150076 Thu Feb 23 16:31:15 2023
4095   462  4095  4095  4095  
   1    99    29  
1677150076 Thu Feb 23 16:31:16 2023
4095   461  4095  4095  4095  
   1   114    29  
1677150076 Thu Feb 23 16:31:16 2023
4095   437  4095  4095  4095  
   1   106    29  
1677150077 Thu Feb 23 16:31:17 2023
4095   450  4095  4095  4095  
   1   111    29  
1677150078 Thu Feb 23 16:31:18 2023
4095   444  4095  4095  4095  
   1   127    29  
1677150079 Thu Feb 23 16:31:19 2023
4095   484  4095  4095  4095  
   1   101    29  
1677150081 Thu Feb 23 16:31:21 2023
4095   443  4095  4095  4095  
   1   154    29  
1677150081 Thu Feb 23 16:31:21 2023
4095   457  4095  4095  4095  
   1   123    29  
1677150082 Thu Feb 23 16:31:22 2023
4095   439  4095  4095  4095  
   1   144    29  
1677150083 Thu Feb 23 16:31:23 2023
4095   450  4095  4095  4095  
   1   115    29  
1677150084 Thu Feb 23 16:31:24 2023
4095   445  4095  4095  4095  
   1   103    29  
1677150085 Thu Feb 23 16:31:25 2023
4095   582  4095  4095  4095  
   1    94    29  
1677150085 Thu Feb 23 16:31:25 2023
4095   445  4095  4095  4095  
   1   101    29  
1677150086 Thu Feb 23 16:31:25 2023
4095  4095  4095  4095  4095  
   1    73    29  
1677150086 Thu Feb 23 16:31:26 2023
4095   469  4095  4095  4095  
   1   111    29  
1677150086 Thu Feb 23 16:31:26 2023
4095   436  4095  4095  4095  
   1   116    29  
1677150087 Thu Feb 23 16:31:27 2023
4095   491  4095  4095  4095  
   1   100    29  
1677150087 Thu Feb 23 16:31:27 2023
4095   467  4095  4095  4095  
   1   106    29  
1677150088 Thu Feb 23 16:31:27 2023
4095  4095  4095  4095  4095  
   1    72    29  
1677150088 Thu Feb 23 16:31:28 2023
4095   441  4095  4095  4095  
   1   119    29  
1677150088 Thu Feb 23 16:31:28 2023
4095   456  4095  4095  4095  
   1   114    29  
1677150088 Thu Feb 23 16:31:28 2023
4095   411  4095  4095  4095  
   1   151    29  
1677150089 Thu Feb 23 16:31:28 2023
4095   481  4095  4095  4095  
   1    98    29  
1677150090 Thu Feb 23 16:31:29 2023
4095   468  4095  4095  4095  
   1   111    29  
1677150090 Thu Feb 23 16:31:30 2023
4095   435  4095  4095  4095  
   1   121    29  
1677150090 Thu Feb 23 16:31:30 2023
4095   470  4095  4095  4095  
   1   111    29  
1677150091 Thu Feb 23 16:31:30 2023
4095   431  4095  4095  4095  
   1   121    29  
1677150092 Thu Feb 23 16:31:32 2023
4095   435  4095  4095  4095  
   1   136    29  
1677150092 Thu Feb 23 16:31:32 2023
4095   442  4095  4095  4095  
   1   338    29  
1677150093 Thu Feb 23 16:31:33 2023
4095   441  4095  4095  4095  
   1   105    29  
1677150093 Thu Feb 23 16:31:33 2023
4095  4095  4095  4095  4095  
   1    75    29  
1677150093 Thu Feb 23 16:31:33 2023
4095   475  4095  4095  4095  
   1   104    29  
1677150094 Thu Feb 23 16:31:33 2023
4095   476  4095  4095  4095  
   1   105    29  
1677150094 Thu Feb 23 16:31:34 2023
4095  4095  4095  4095  4095  
   1    90    29  
1677150095 Thu Feb 23 16:31:34 2023
4095   453  4095  4095  4095  
   1   329    29  
1677150095 Thu Feb 23 16:31:35 2023
4095   580  4095  4095  4095  
   1    76    29  
1677150095 Thu Feb 23 16:31:35 2023
4095   471  4095  4095  4095  
   1    91    29  
1677150095 Thu Feb 23 16:31:35 2023
4095   436  4095  4095  4095  
   1   118    29  
1677150096 Thu Feb 23 16:31:36 2023
4095   437  4095  4095  4095  
   1   151    29  
1677150096 Thu Feb 23 16:31:36 2023
4095   435  4095  4095  4095  
   1   140    29  
1677150096 Thu Feb 23 16:31:36 2023
4095   466  4095  4095  4095  
   1   111    29  
1677150097 Thu Feb 23 16:31:36 2023
4095   475  4095  4095  4095  
   1   119    29  
1677150098 Thu Feb 23 16:31:38 2023
4095   440  4095  4095  4095  
   1   114    29  
1677150099 Thu Feb 23 16:31:39 2023
4095   445  4095  4095  4095  
   1   151    29  
1677150100 Thu Feb 23 16:31:40 2023
4095   474  4095  4095  4095  
   1   107    29  
1677150101 Thu Feb 23 16:31:40 2023
4095   436  4095  4095  4095  
   1   186    29  
1677150101 Thu Feb 23 16:31:41 2023
4095   476  4095  4095  4095  
   1    99    29  
1677150102 Thu Feb 23 16:31:42 2023
4095   446  4095  4095  4095  
   1   128    29  
1677150102 Thu Feb 23 16:31:42 2023
4095   435  4095  4095  4095  
   1   116    29  
1677150103 Thu Feb 23 16:31:42 2023
4095   439  4095  4095  4095  
   1   149    29  
1677150104 Thu Feb 23 16:31:44 2023
4095   488  4095  4095  4095  
   1    92    29  
1677150104 Thu Feb 23 16:31:44 2023
4095   490  4095  4095  4095  
   1    89    29  
1677150105 Thu Feb 23 16:31:45 2023
4095   435  4095  4095  4095  
   1   112    29  
1677150105 Thu Feb 23 16:31:45 2023
4095   465  4095  4095  4095  
   1    84    29  
1677150106 Thu Feb 23 16:31:45 2023
4095   432  4095  4095  4095  
   1   204    29  
1677150106 Thu Feb 23 16:31:46 2023
4095   374  4095  4095  4095  
   1   182    29  
1677150107 Thu Feb 23 16:31:46 2023
4095   435  4095  4095  4095  
   1    94    29  
1677150108 Thu Feb 23 16:31:48 2023
4095   413  4095  4095  4095  
   1   164    29  
1677150109 Thu Feb 23 16:31:48 2023
4095   476  4095  4095  4095  
   1   107    29  
1677150109 Thu Feb 23 16:31:49 2023
4095   483  4095  4095  4095  
   1    93    29  
1677150110 Thu Feb 23 16:31:50 2023
4095  4095  4095  4095  4095  
   1    73    29  
1677150110 Thu Feb 23 16:31:50 2023
4095  4095  4095  4095  4095  
   1    68    29  
1677150111 Thu Feb 23 16:31:50 2023
4095   463  4095  4095  4095  
   1   123    29  
1677150111 Thu Feb 23 16:31:51 2023
4095   452  4095  4095  4095  
   1   122    29  
1677150112 Thu Feb 23 16:31:51 2023
4095   428  4095  4095  4095  
   1   140    29  
1677150112 Thu Feb 23 16:31:52 2023
4095   467  4095  4095  4095  
   1   101    29  
1677150114 Thu Feb 23 16:31:53 2023
4095   477  4095  4095  4095  
   1    94    29  
1677150114 Thu Feb 23 16:31:54 2023
4095  4095  4095  4095  4095  
   1    76    29  
1677150116 Thu Feb 23 16:31:56 2023
4095   453  4095  4095  4095  
   1   109    29  
1677150117 Thu Feb 23 16:31:56 2023
4095   446  4095  4095  4095  
   1    90    29  
1677150117 Thu Feb 23 16:31:57 2023
4095   453  4095  4095  4095  
   1   103    29  
1677150118 Thu Feb 23 16:31:57 2023
4095   450  4095  4095  4095  
   1   123    29  
1677150118 Thu Feb 23 16:31:58 2023
4095   421  4095  4095  4095  
   1   162    29  
1677150119 Thu Feb 23 16:31:58 2023
4095   441  4095  4095  4095  
   1   111    29  
1677150119 Thu Feb 23 16:31:59 2023
4095   447  4095  4095  4095  
   1   110    29  
1677150120 Thu Feb 23 16:31:59 2023
4095   508  4095  4095  4095  
   1    94    29  
1677150120 Thu Feb 23 16:32:00 2023
4095   450  4095  4095  4095  
   1   105    29  
1677150121 Thu Feb 23 16:32:01 2023
4095   442  4095  4095  4095  
   1   184    29  
1677150122 Thu Feb 23 16:32:02 2023
4095   441  4095  4095  4095  
   1   151    29  
1677150122 Thu Feb 23 16:32:02 2023
4095   458  4095  4095  4095  
   1    87    29  
1677150123 Thu Feb 23 16:32:02 2023
4095   455  4095  4095  4095  
   1   113    29  
1677150123 Thu Feb 23 16:32:03 2023
4095   470  4095  4095  4095  
   1    94    29  
1677150124 Thu Feb 23 16:32:04 2023
4095  4095  4095  4095  4095  
   1    68    29  
1677150125 Thu Feb 23 16:32:05 2023
4095   461  4095  4095  4095  
   1   109    29  
1677150126 Thu Feb 23 16:32:05 2023
4095   465  4095  4095  4095  
   1    96    29  
1677150126 Thu Feb 23 16:32:06 2023
4095   477  4095  4095  4095  
   1    86    29  
1677150126 Thu Feb 23 16:32:06 2023
4095   449  4095  4095  4095  
   1   102    29  
1677150127 Thu Feb 23 16:32:07 2023
4095   455  4095  4095  4095  
   1   113    29  
1677150128 Thu Feb 23 16:32:07 2023
4095  4095  4095  4095  4095  
   1    82    29  
1677150128 Thu Feb 23 16:32:08 2023
4095   442  4095  4095  4095  
   1   162    29  
1677150130 Thu Feb 23 16:32:09 2023
4095   457  4095  4095  4095  
   1   128    29  
1677150131 Thu Feb 23 16:32:10 2023
4095  4095  4095  4095  4095  
   1    49    29  
1677150131 Thu Feb 23 16:32:11 2023
4095   432  4095  4095  4095  
   1   114    29  
1677150131 Thu Feb 23 16:32:11 2023
4095  4095  4095  4095  4095  
   1    79    29  
1677150132 Thu Feb 23 16:32:12 2023
4095   461  4095  4095  4095  
   1   120    29  
1677150132 Thu Feb 23 16:32:12 2023
4095   450  4095  4095  4095  
   1   140    29  
1677150133 Thu Feb 23 16:32:13 2023
4095   436  4095  4095  4095  
   1   136    29  
1677150134 Thu Feb 23 16:32:14 2023
4095   505  4095  4095  4095  
   1    92    29  
1677150136 Thu Feb 23 16:32:15 2023
4095   464  4095  4095  4095  
   1    97    29  
1677150137 Thu Feb 23 16:32:17 2023
4095   446  4095  4095  4095  
   1   157    29  
1677150137 Thu Feb 23 16:32:17 2023
4095   441  4095  4095  4095  
   1   115    29  
1677150140 Thu Feb 23 16:32:20 2023
4095   457  4095  4095  4095  
   1   119    29  
1677150141 Thu Feb 23 16:32:20 2023
4095   435  4095  4095  4095  
   1   143    29  
1677150141 Thu Feb 23 16:32:21 2023
4095   438  4095  4095  4095  
   1   106    29  
1677150141 Thu Feb 23 16:32:21 2023
4095   459  4095  4095  4095  
   1    97    29  
1677150142 Thu Feb 23 16:32:21 2023
4095   449  4095  4095  4095  
   1   105    29  
1677150142 Thu Feb 23 16:32:22 2023
4095   449  4095  4095  4095  
   1   109    29  
1677150143 Thu Feb 23 16:32:22 2023
4095   573  4095  4095  4095  
   1    95    29  
1677150144 Thu Feb 23 16:32:23 2023
4095   471  4095  4095  4095  
   1   112    29  
1677150144 Thu Feb 23 16:32:24 2023
4095   449  4095  4095  4095  
   1   113    29  
1677150144 Thu Feb 23 16:32:24 2023
4095   472  4095  4095  4095  
   1   100    29  
1677150145 Thu Feb 23 16:32:24 2023
4095   445  4095  4095  4095  
   1   131    29  
1677150145 Thu Feb 23 16:32:25 2023
4095   456  4095  4095  4095  
   1    97    29  
1677150146 Thu Feb 23 16:32:26 2023
4095   476  4095  4095  4095  
   1    87    29  
1677150147 Thu Feb 23 16:32:26 2023
4095   441  4095  4095  4095  
   1    95    29  
1677150147 Thu Feb 23 16:32:27 2023
4095   461  4095  4095  4095  
   1   153    29  
1677150147 Thu Feb 23 16:32:27 2023
4095   454  4095  4095  4095  
   1    92    29  
1677150148 Thu Feb 23 16:32:28 2023
4095   443  4095  4095  4095  
   1   135    29  
1677150149 Thu Feb 23 16:32:28 2023
4095   446  4095  4095  4095  
   1   138    29  
1677150149 Thu Feb 23 16:32:29 2023
4095   467  4095  4095  4095  
   1    96    29  
1677150149 Thu Feb 23 16:32:29 2023
4095   452  4095  4095  4095  
   1    93    29  
1677150149 Thu Feb 23 16:32:29 2023
4095   493  4095  4095  4095  
   1    92    29  
1677150150 Thu Feb 23 16:32:29 2023
4095   451  4095  4095  4095  
   1   126    29  
1677150150 Thu Feb 23 16:32:30 2023
4095   497  4095  4095  4095  
   1    95    29  
1677150151 Thu Feb 23 16:32:30 2023
4095   437  4095  4095  4095  
   1   124    29  
1677150152 Thu Feb 23 16:32:31 2023
4095   476  4095  4095  4095  
   1    91    29  
1677150152 Thu Feb 23 16:32:32 2023
4095   470  4095  4095  4095  
   1   109    29  
1677150153 Thu Feb 23 16:32:32 2023
4095   444  4095  4095  4095  
   1   102    29  
1677150154 Thu Feb 23 16:32:33 2023
4095   450  4095  4095  4095  
   1   128    29  
1677150154 Thu Feb 23 16:32:34 2023
4095   458  4095  4095  4095  
   1    98    29  
1677150154 Thu Feb 23 16:32:34 2023
4095   435  4095  4095  4095  
   1   111    29  
1677150155 Thu Feb 23 16:32:35 2023
4095   449  4095  4095  4095  
   1   111    29  
1677150155 Thu Feb 23 16:32:35 2023
4095   436  4095  4095  4095  
   1   178    29  
1677150157 Thu Feb 23 16:32:36 2023
4095   429  4095  4095  4095  
   1   112    29  
1677150157 Thu Feb 23 16:32:37 2023
4095   478  4095  4095  4095  
   1    95    29  
1677150159 Thu Feb 23 16:32:39 2023
4095   465  4095  4095  4095  
   1   101    29  
1677150160 Thu Feb 23 16:32:39 2023
4095   445  4095  4095  4095  
   1   110    29  
1677150160 Thu Feb 23 16:32:40 2023
4095   476  4095  4095  4095  
   1    96    29  
1677150161 Thu Feb 23 16:32:41 2023
4095   477  4095  4095  4095  
   1    89    29  
1677150162 Thu Feb 23 16:32:42 2023
4095   476  4095  4095  4095  
   1    95    29  
1677150162 Thu Feb 23 16:32:42 2023
4095   473  4095  4095  4095  
   1    97    29  
1677150164 Thu Feb 23 16:32:43 2023
4095   435  4095  4095  4095  
   1    98    29  
1677150164 Thu Feb 23 16:32:44 2023
4095   435  4095  4095  4095  
   1   130    29  
1677150165 Thu Feb 23 16:32:45 2023
4095   452  4095  4095  4095  
   1   100    29  
1677150165 Thu Feb 23 16:32:45 2023
4095   464  4095  4095  4095  
   1   118    29  
1677150166 Thu Feb 23 16:32:46 2023
4095   471  4095  4095  4095  
   1    92    29  
1677150166 Thu Feb 23 16:32:46 2023
4095   455  4095  4095  4095  
   1   123    29  
1677150167 Thu Feb 23 16:32:47 2023
4095   431  4095  4095  4095  
   1   155    29  
1677150167 Thu Feb 23 16:32:47 2023
4095   441  4095  4095  4095  
   1   111    29  
1677150168 Thu Feb 23 16:32:47 2023
4095   512  4095  4095  4095  
   1    98    29  
1677150168 Thu Feb 23 16:32:48 2023
4095   466  4095  4095  4095  
   1   122    29  
1677150168 Thu Feb 23 16:32:48 2023
4095   494  4095  4095  4095  
   1    91    29  
1677150169 Thu Feb 23 16:32:49 2023
4095   449  4095  4095  4095  
   1   175    29  
1677150170 Thu Feb 23 16:32:49 2023
4095   437  4095  4095  4095  
   1   132    29  
1677150170 Thu Feb 23 16:32:50 2023
4095  4095  4095  4095  4095  
   1    83    29  
1677150171 Thu Feb 23 16:32:51 2023
4095   469  4095  4095  4095  
   1   107    29  
1677150172 Thu Feb 23 16:32:51 2023
4095   457  4095  4095  4095  
   1   114    29  
1677150172 Thu Feb 23 16:32:52 2023
4095   483  4095  4095  4095  
   1   117    29  
1677150172 Thu Feb 23 16:32:52 2023
4095   447  4095  4095  4095  
   1   110    29  
1677150173 Thu Feb 23 16:32:52 2023
4095   472  4095  4095  4095  
   1    93    29  
1677150173 Thu Feb 23 16:32:53 2023
4095   442  4095  4095  4095  
   1   138    29  
1677150174 Thu Feb 23 16:32:53 2023
4095   455  4095  4095  4095  
   1   127    29  
1677150174 Thu Feb 23 16:32:54 2023
4095   443  4095  4095  4095  
   1   113    29  
1677150174 Thu Feb 23 16:32:54 2023
4095   436  4095  4095  4095  
   1   156    29  
1677150175 Thu Feb 23 16:32:55 2023
4095   435  4095  4095  4095  
   1   156    29  
1677150175 Thu Feb 23 16:32:55 2023
4095   459  4095  4095  4095  
   1   107    29  
1677150177 Thu Feb 23 16:32:56 2023
4095   472  4095  4095  4095  
   1   107    29  
1677150178 Thu Feb 23 16:32:58 2023
4095   452  4095  4095  4095  
   1   160    29  
1677150178 Thu Feb 23 16:32:58 2023
4095   487  4095  4095  4095  
   1    90    29  
1677150179 Thu Feb 23 16:32:59 2023
4095   460  4095  4095  4095  
   1   144    29  
1677150180 Thu Feb 23 16:33:00 2023
4095   464  4095  4095  4095  
   1   132    29  
1677150180 Thu Feb 23 16:33:00 2023
4095   527  4095  4095  4095  
   1    81    29  
1677150181 Thu Feb 23 16:33:01 2023
4095   487  4095  4095  4095  
   1    88    29  
1677150183 Thu Feb 23 16:33:02 2023
4095   431  4095  4095  4095  
   1   294    29  
1677150183 Thu Feb 23 16:33:03 2023
4095   489  4095  4095  4095  
   1    99    29  
1677150184 Thu Feb 23 16:33:03 2023
4095   451  4095  4095  4095  
   1   138    29  
1677150184 Thu Feb 23 16:33:04 2023
4095   476  4095  4095  4095  
   1    95    29  
1677150185 Thu Feb 23 16:33:05 2023
4095  4095  4095  4095  4095  
   1    44    29  
1677150185 Thu Feb 23 16:33:05 2023
4095   432  4095  4095  4095  
   1   104    29  
1677150186 Thu Feb 23 16:33:06 2023
4095   445  4095  4095  4095  
   1   115    29  
1677150187 Thu Feb 23 16:33:06 2023
4095   475  4095  4095  4095  
   1   108    29  
1677150187 Thu Feb 23 16:33:07 2023
4095   474  4095  4095  4095  
   1   102    29  
1677150187 Thu Feb 23 16:33:07 2023
4095   483  4095  4095  4095  
   1    99    29  
1677150188 Thu Feb 23 16:33:08 2023
4095  4095  4095  4095  4095  
   1    76    29  
1677150188 Thu Feb 23 16:33:08 2023
4095   612  4095  4095  4095  
   1    98    29  
1677150190 Thu Feb 23 16:33:09 2023
4095   484  4095  4095  4095  
   1    86    29  
1677150190 Thu Feb 23 16:33:10 2023
4095   454  4095  4095  4095  
   1    98    29  
1677150191 Thu Feb 23 16:33:10 2023
4095   446  4095  4095  4095  
   1   108    29  
1677150191 Thu Feb 23 16:33:11 2023
4095   469  4095  4095  4095  
   1   110    29  
1677150192 Thu Feb 23 16:33:12 2023
4095   462  4095  4095  4095  
   1   121    29  
1677150193 Thu Feb 23 16:33:12 2023
4095   468  4095  4095  4095  
   1   110    29  
1677150193 Thu Feb 23 16:33:13 2023
4095   442  4095  4095  4095  
   1   162    29  
1677150194 Thu Feb 23 16:33:13 2023
4095   476  4095  4095  4095  
   1    99    29  
1677150194 Thu Feb 23 16:33:14 2023
4095   439  4095  4095  4095  
   1   181    29  
1677150195 Thu Feb 23 16:33:14 2023
4095   433  4095  4095  4095  
   1   116    29  
1677150195 Thu Feb 23 16:33:15 2023
4095   446  4095  4095  4095  
   1   148    29  
1677150195 Thu Feb 23 16:33:15 2023
4095   470  4095  4095  4095  
   1   115    29  
1677150197 Thu Feb 23 16:33:16 2023
4095   444  4095  4095  4095  
   1   135    29  
1677150197 Thu Feb 23 16:33:17 2023
4095   478  4095  4095  4095  
   1    96    29  
1677150197 Thu Feb 23 16:33:17 2023
4095   450  4095  4095  4095  
   1   124    29  
1677150198 Thu Feb 23 16:33:17 2023
4095   500  4095  4095  4095  
   1   106    29  
1677150198 Thu Feb 23 16:33:18 2023
4095   456  4095  4095  4095  
   1   109    29  
1677150200 Thu Feb 23 16:33:19 2023
4095   440  4095  4095  4095  
   1   175    29  
1677150200 Thu Feb 23 16:33:20 2023
4095   442  4095  4095  4095  
   1   191    29  
1677150200 Thu Feb 23 16:33:20 2023
4095   452  4095  4095  4095  
   1   120    29  
1677150202 Thu Feb 23 16:33:21 2023
4095   436  4095  4095  4095  
   1   182    29  
1677150203 Thu Feb 23 16:33:22 2023
4095   454  4095  4095  4095  
   1   116    29  
1677150203 Thu Feb 23 16:33:23 2023
4095   443  4095  4095  4095  
   1   247    29  
1677150203 Thu Feb 23 16:33:23 2023
4095   471  4095  4095  4095  
   1   111    29  
1677150205 Thu Feb 23 16:33:24 2023
4095   478  4095  4095  4095  
   1    90    29  
1677150205 Thu Feb 23 16:33:25 2023
4095   455  4095  4095  4095  
   1   102    29  
1677150205 Thu Feb 23 16:33:25 2023
4095   475  4095  4095  4095  
   1   122    29  
1677150206 Thu Feb 23 16:33:26 2023
4095   455  4095  4095  4095  
   1   132    29  
1677150207 Thu Feb 23 16:33:27 2023
4095   444  4095  4095  4095  
   1   109    29  
1677150208 Thu Feb 23 16:33:28 2023
4095  4095  4095  4095  4095  
   1    66    29  
1677150209 Thu Feb 23 16:33:28 2023
4095   439  4095  4095  4095  
   1   135    29  
1677150209 Thu Feb 23 16:33:29 2023
4095   439  4095  4095  4095  
   1   155    29  
1677150209 Thu Feb 23 16:33:29 2023
4095   436  4095  4095  4095  
   1   131    29  
1677150209 Thu Feb 23 16:33:29 2023
4095   446  4095  4095  4095  
   1    84    29  
1677150210 Thu Feb 23 16:33:29 2023
4095  4095  4095  4095  4095  
   1    45    29  
1677150210 Thu Feb 23 16:33:30 2023
4095   458  4095  4095  4095  
   1   116    29  
1677150211 Thu Feb 23 16:33:31 2023
4095   457  4095  4095  4095  
   1    97    29  
1677150211 Thu Feb 23 16:33:31 2023
4095   434  4095  4095  4095  
   1   187    29  
1677150211 Thu Feb 23 16:33:31 2023
4095   461  4095  4095  4095  
   1   101    29  
1677150212 Thu Feb 23 16:33:31 2023
4095   473  4095  4095  4095  
   1   106    29  
1677150212 Thu Feb 23 16:33:32 2023
4095  4095  4095  4095  4095  
   1    73    29  
1677150212 Thu Feb 23 16:33:32 2023
4095   470  4095  4095  4095  
   1    84    29  
1677150213 Thu Feb 23 16:33:33 2023
4095   465  4095  4095  4095  
   1   103    29  
1677150214 Thu Feb 23 16:33:34 2023
4095   453  4095  4095  4095  
   1   109    29  
1677150214 Thu Feb 23 16:33:34 2023
4095  4095  4095  4095  4095  
   1    43    29  
1677150216 Thu Feb 23 16:33:35 2023
4095   471  4095  4095  4095  
   1    86    29  
1677150217 Thu Feb 23 16:33:37 2023
4095   429  4095  4095  4095  
   1   137    29  
1677150218 Thu Feb 23 16:33:37 2023
4095   473  4095  4095  4095  
   1    92    29  
1677150218 Thu Feb 23 16:33:38 2023
4095   476  4095  4095  4095  
   1   120    29  
1677150218 Thu Feb 23 16:33:38 2023
4095   433  4095  4095  4095  
   1   247    29  
1677150219 Thu Feb 23 16:33:39 2023
4095  4095  4095  4095  4095  
   1    87    29  
1677150220 Thu Feb 23 16:33:39 2023
4095   441  4095  4095  4095  
   1   151    29  
1677150220 Thu Feb 23 16:33:40 2023
4095   426  4095  4095  4095  
   1   169    29  
1677150221 Thu Feb 23 16:33:40 2023
4095   449  4095  4095  4095  
   1   116    29  
1677150221 Thu Feb 23 16:33:41 2023
4095   496  4095  4095  4095  
   1    89    29  
1677150222 Thu Feb 23 16:33:42 2023
4095   465  4095  4095  4095  
   1    95    29  
1677150222 Thu Feb 23 16:33:42 2023
4095   448  4095  4095  4095  
   1   105    29  
1677150223 Thu Feb 23 16:33:43 2023
4095   462  4095  4095  4095  
   1    95    29  
1677150223 Thu Feb 23 16:33:43 2023
4095   460  4095  4095  4095  
   1    94    29  
1677150224 Thu Feb 23 16:33:43 2023
4095   471  4095  4095  4095  
   1   116    29  
1677150225 Thu Feb 23 16:33:44 2023
4095   462  4095  4095  4095  
   1   107    29  
1677150225 Thu Feb 23 16:33:45 2023
4095   448  4095  4095  4095  
   1   175    29  
1677150226 Thu Feb 23 16:33:45 2023
4095   436  4095  4095  4095  
   1   280    29  
1677150226 Thu Feb 23 16:33:46 2023
4095   454  4095  4095  4095  
   1   108    29  
1677150226 Thu Feb 23 16:33:46 2023
4095   439  4095  4095  4095  
   1   128    29  
1677150228 Thu Feb 23 16:33:47 2023
4095   444  4095  4095  4095  
   1   114    29  
1677150228 Thu Feb 23 16:33:48 2023
4095   473  4095  4095  4095  
   1   122    29  
1677150228 Thu Feb 23 16:33:48 2023
4095   475  4095  4095  4095  
   1    92    29  
1677150229 Thu Feb 23 16:33:49 2023
4095   446  4095  4095  4095  
   1   103    29  
1677150229 Thu Feb 23 16:33:49 2023
4095   436  4095  4095  4095  
   1   116    29  
1677150230 Thu Feb 23 16:33:49 2023
4095   457  4095  4095  4095  
   1   116    29  
1677150230 Thu Feb 23 16:33:50 2023
4095   478  4095  4095  4095  
   1   106    29  
1677150231 Thu Feb 23 16:33:51 2023
4095   450  4095  4095  4095  
   1   155    29  
1677150231 Thu Feb 23 16:33:51 2023
4095   455  4095  4095  4095  
   1   120    29  
1677150232 Thu Feb 23 16:33:52 2023
4095   463  4095  4095  4095  
   1   101    29  
1677150233 Thu Feb 23 16:33:53 2023
4095   462  4095  4095  4095  
   1    84    29  
1677150234 Thu Feb 23 16:33:54 2023
4095   463  4095  4095  4095  
   1    98    29  
1677150235 Thu Feb 23 16:33:54 2023
4095   500  4095  4095  4095  
   1    91    29  
1677150235 Thu Feb 23 16:33:55 2023
4095  4095  4095  4095  4095  
   1    46    29  
1677150236 Thu Feb 23 16:33:55 2023
4095   473  4095  4095  4095  
   1    83    29  
1677150236 Thu Feb 23 16:33:56 2023
4095   462  4095  4095  4095  
   1   165    29  
1677150237 Thu Feb 23 16:33:56 2023
4095   503  4095  4095  4095  
   1    96    29  
1677150238 Thu Feb 23 16:33:57 2023
4095   441  4095  4095  4095  
   1   127    29  
1677150238 Thu Feb 23 16:33:58 2023
4095   486  4095  4095  4095  
   1    97    29  
1677150239 Thu Feb 23 16:33:58 2023
4095   449  4095  4095  4095  
   1   105    29  
1677150239 Thu Feb 23 16:33:59 2023
4095   468  4095  4095  4095  
   1    93    29  
1677150239 Thu Feb 23 16:33:59 2023
4095   465  4095  4095  4095  
   1   119    29  
1677150240 Thu Feb 23 16:33:59 2023
4095   430  4095  4095  4095  
   1   211    29  
1677150241 Thu Feb 23 16:34:01 2023
4095   452  4095  4095  4095  
   1   128    29  
1677150241 Thu Feb 23 16:34:01 2023
4095   438  4095  4095  4095  
   1   130    29  
1677150242 Thu Feb 23 16:34:02 2023
4095   468  4095  4095  4095  
   1   102    29  
1677150242 Thu Feb 23 16:34:02 2023
4095   486  4095  4095  4095  
   1    95    29  
1677150243 Thu Feb 23 16:34:03 2023
4095   471  4095  4095  4095  
   1    86    29  
1677150244 Thu Feb 23 16:34:03 2023
4095   465  4095  4095  4095  
   1    96    29  
1677150244 Thu Feb 23 16:34:04 2023
4095   463  4095  4095  4095  
   1   121    29  
1677150244 Thu Feb 23 16:34:04 2023
4095  4095  4095  4095  4095  
   1    83    29  
1677150245 Thu Feb 23 16:34:05 2023
4095   479  4095  4095  4095  
   1    87    29  
1677150246 Thu Feb 23 16:34:05 2023
4095   538  4095  4095  4095  
   1    87    29  
1677150246 Thu Feb 23 16:34:06 2023
4095   431  4095  4095  4095  
   1   466    29  
1677150246 Thu Feb 23 16:34:06 2023
4095   433  4095  4095  4095  
   1   137    29  
1677150247 Thu Feb 23 16:34:07 2023
4095   437  4095  4095  4095  
   1   132    29  
1677150248 Thu Feb 23 16:34:07 2023
4095  4095  4095  4095  4095  
   1    45    29  
1677150248 Thu Feb 23 16:34:08 2023
4095   443  4095  4095  4095  
   1   130    29  
1677150250 Thu Feb 23 16:34:09 2023
4095   454  4095  4095  4095  
   1   203    29  
1677150250 Thu Feb 23 16:34:10 2023
4095   412  4095  4095  4095  
   1   158    29  
1677150250 Thu Feb 23 16:34:10 2023
4095   446  4095  4095  4095  
   1   115    29  
1677150252 Thu Feb 23 16:34:11 2023
4095   521  4095  4095  4095  
   1   100    29  
1677150253 Thu Feb 23 16:34:12 2023
4095   458  4095  4095  4095  
   1   105    29  
1677150253 Thu Feb 23 16:34:13 2023
4095   441  4095  4095  4095  
   1    91    29  
1677150254 Thu Feb 23 16:34:14 2023
4095   478  4095  4095  4095  
   1    92    29  
1677150254 Thu Feb 23 16:34:14 2023
4095   450  4095  4095  4095  
   1   171    29  
1677150256 Thu Feb 23 16:34:15 2023
4095   439  4095  4095  4095  
   1   105    29  
1677150256 Thu Feb 23 16:34:16 2023
4095   461  4095  4095  4095  
   1    84    29  
1677150257 Thu Feb 23 16:34:17 2023
4095   438  4095  4095  4095  
   1   104    29  
1677150258 Thu Feb 23 16:34:18 2023
4095   467  4095  4095  4095  
   1    86    29  
1677150259 Thu Feb 23 16:34:19 2023
4095   453  4095  4095  4095  
   1    97    29  
1677150259 Thu Feb 23 16:34:19 2023
4095   484  4095  4095  4095  
   1    97    29  
1677150260 Thu Feb 23 16:34:19 2023
4095   455  4095  4095  4095  
   1   144    29  
1677150260 Thu Feb 23 16:34:20 2023
4095   439  4095  4095  4095  
   1   109    29  
1677150260 Thu Feb 23 16:34:20 2023
4095   428  4095  4095  4095  
   1   171    29  
1677150260 Thu Feb 23 16:34:20 2023
4095   447  4095  4095  4095  
   1    91    29  
1677150261 Thu Feb 23 16:34:21 2023
4095   483  4095  4095  4095  
   1    88    29  
1677150261 Thu Feb 23 16:34:21 2023
4095   440  4095  4095  4095  
   1   142    29  
1677150262 Thu Feb 23 16:34:21 2023
4095   462  4095  4095  4095  
   1   117    29  
1677150262 Thu Feb 23 16:34:22 2023
4095  4095  4095  4095  4095  
   1    75    29  
1677150263 Thu Feb 23 16:34:22 2023
4095   456  4095  4095  4095  
   1   125    29  
1677150263 Thu Feb 23 16:34:23 2023
4095   462  4095  4095  4095  
   1   114    29  
1677150264 Thu Feb 23 16:34:24 2023
4095   498  4095  4095  4095  
   1    88    29  
1677150265 Thu Feb 23 16:34:25 2023
4095   448  4095  4095  4095  
   1    97    29  
1677150265 Thu Feb 23 16:34:25 2023
4095   462  4095  4095  4095  
   1   134    29  
1677150266 Thu Feb 23 16:34:26 2023
4095   473  4095  4095  4095  
   1   122    29  
1677150266 Thu Feb 23 16:34:26 2023
4095   406  4095  4095  4095  
   1   232    29  
1677150266 Thu Feb 23 16:34:26 2023
4095   450  4095  4095  4095  
   1    94    29  
1677150266 Thu Feb 23 16:34:26 2023
4095   441  4095  4095  4095  
   1   202    29  
1677150269 Thu Feb 23 16:34:29 2023
4095   425  4095  4095  4095  
   1   151    29  
1677150270 Thu Feb 23 16:34:30 2023
4095  4095  4095  4095  4095  
   1    74    29  
1677150270 Thu Feb 23 16:34:30 2023
4095   369  4095  4095  4095  
   1    97    29  
1677150270 Thu Feb 23 16:34:30 2023
4095  4095  4095  4095  4095  
   1    88    29  
1677150272 Thu Feb 23 16:34:32 2023
4095   436  4095  4095  4095  
   1   276    29  
1677150273 Thu Feb 23 16:34:32 2023
4095   442  4095  4095  4095  
   1   123    29  
1677150274 Thu Feb 23 16:34:33 2023
4095   474  4095  4095  4095  
   1    98    29  
1677150274 Thu Feb 23 16:34:34 2023
4095   435  4095  4095  4095  
   1   150    29  
1677150274 Thu Feb 23 16:34:34 2023
4095   448  4095  4095  4095  
   1   193    29  
1677150275 Thu Feb 23 16:34:35 2023
4095   418  4095  4095  4095  
   1   173    29  
1677150277 Thu Feb 23 16:34:36 2023
4095   445  4095  4095  4095  
   1   171    29  
1677150277 Thu Feb 23 16:34:37 2023
4095   465  4095  4095  4095  
   1    98    29  
1677150278 Thu Feb 23 16:34:37 2023
4095   442  4095  4095  4095  
   1   132    29  
1677150278 Thu Feb 23 16:34:38 2023
4095   441  4095  4095  4095  
   1   136    29  
1677150278 Thu Feb 23 16:34:38 2023
4095   446  4095  4095  4095  
   1   103    29  
1677150280 Thu Feb 23 16:34:39 2023
4095   490  4095  4095  4095  
   1   106    29  
1677150280 Thu Feb 23 16:34:40 2023
4095   458  4095  4095  4095  
   1   151    29  
1677150281 Thu Feb 23 16:34:41 2023
4095   439  4095  4095  4095  
   1   213    29  
1677150281 Thu Feb 23 16:34:41 2023
4095  4095  4095  4095  4095  
   1    79    29  
1677150282 Thu Feb 23 16:34:41 2023
4095  4095  4095  4095  4095  
   1    79    29  
1677150283 Thu Feb 23 16:34:42 2023
4095   487  4095  4095  4095  
   1    99    29  
1677150283 Thu Feb 23 16:34:43 2023
4095   451  4095  4095  4095  
   1    80    29  
1677150284 Thu Feb 23 16:34:44 2023
4095   484  4095  4095  4095  
   1    90    29  
1677150285 Thu Feb 23 16:34:45 2023
4095   474  4095  4095  4095  
   1   140    29  
1677150285 Thu Feb 23 16:34:45 2023
4095  4095  4095  4095  4095  
   1    88    29  
1677150286 Thu Feb 23 16:34:46 2023
4095   450  4095  4095  4095  
   1    96    29  
1677150287 Thu Feb 23 16:34:46 2023
4095   456  4095  4095  4095  
   1    87    29  
1677150287 Thu Feb 23 16:34:47 2023
4095   474  4095  4095  4095  
   1   105    29  
1677150287 Thu Feb 23 16:34:47 2023
4095   452  4095  4095  4095  
   1   118    29  
1677150287 Thu Feb 23 16:34:47 2023
4095   460  4095  4095  4095  
   1   112    29  
1677150288 Thu Feb 23 16:34:48 2023
4095   503  4095  4095  4095  
   1   105    29  
1677150288 Thu Feb 23 16:34:48 2023
4095   467  4095  4095  4095  
   1   109    29  
1677150289 Thu Feb 23 16:34:48 2023
4095   444  4095  4095  4095  
   1    90    29  
1677150289 Thu Feb 23 16:34:49 2023
4095   443  4095  4095  4095  
   1    93    29  
1677150289 Thu Feb 23 16:34:49 2023
4095   451  4095  4095  4095  
   1    97    29  
1677150290 Thu Feb 23 16:34:49 2023
4095   464  4095  4095  4095  
   1    92    29  
1677150291 Thu Feb 23 16:34:51 2023
4095   446  4095  4095  4095  
   1   208    29  
1677150291 Thu Feb 23 16:34:51 2023
4095   473  4095  4095  4095  
   1    95    29  
1677150291 Thu Feb 23 16:34:51 2023
4095   475  4095  4095  4095  
   1    84    29  
1677150292 Thu Feb 23 16:34:51 2023
4095   447  4095  4095  4095  
   1   158    29  
1677150292 Thu Feb 23 16:34:52 2023
4095   461  4095  4095  4095  
   1   114    29  
1677150292 Thu Feb 23 16:34:52 2023
4095   473  4095  4095  4095  
   1   101    29  
1677150293 Thu Feb 23 16:34:52 2023
4095   440  4095  4095  4095  
   1    99    29  
1677150294 Thu Feb 23 16:34:54 2023
4095   470  4095  4095  4095  
   1    92    29  
1677150294 Thu Feb 23 16:34:54 2023
4095   435  4095  4095  4095  
   1   130    29  
1677150295 Thu Feb 23 16:34:54 2023
4095   468  4095  4095  4095  
   1   108    29  
1677150295 Thu Feb 23 16:34:55 2023
4095   439  4095  4095  4095  
   1   118    29  
1677150296 Thu Feb 23 16:34:56 2023
4095   448  4095  4095  4095  
   1   142    29  
1677150296 Thu Feb 23 16:34:56 2023
4095   448  4095  4095  4095  
   1   143    29  
1677150297 Thu Feb 23 16:34:56 2023
4095  4095  4095  4095  4095  
   1    45    29  
1677150297 Thu Feb 23 16:34:57 2023
4095   468  4095  4095  4095  
   1    93    29  
1677150298 Thu Feb 23 16:34:57 2023
4095   432  4095  4095  4095  
   1   180    29  
1677150299 Thu Feb 23 16:34:58 2023
4095   459  4095  4095  4095  
   1    98    29  
1677150299 Thu Feb 23 16:34:59 2023
4095   453  4095  4095  4095  
   1   129    29  
1677150299 Thu Feb 23 16:34:59 2023
4095   458  4095  4095  4095  
   1   121    29  
1677150300 Thu Feb 23 16:35:00 2023
4095   457  4095  4095  4095  
   1   109    29  
1677150301 Thu Feb 23 16:35:01 2023
4095  4095  4095  4095  4095  
   1    75    29  
1677150301 Thu Feb 23 16:35:01 2023
4095   498  4095  4095  4095  
   1    86    29  
1677150302 Thu Feb 23 16:35:01 2023
4095   464  4095  4095  4095  
   1   105    29  
1677150302 Thu Feb 23 16:35:02 2023
4095   436  4095  4095  4095  
   1   106    29  
1677150303 Thu Feb 23 16:35:02 2023
4095   457  4095  4095  4095  
   1   144    29  
1677150303 Thu Feb 23 16:35:03 2023
4095   438  4095  4095  4095  
   1   108    29  
1677150303 Thu Feb 23 16:35:03 2023
4095   445  4095  4095  4095  
   1   182    29  
1677150304 Thu Feb 23 16:35:03 2023
4095  4095  4095  4095  4095  
   1    74    29  
1677150304 Thu Feb 23 16:35:04 2023
4095   447  4095  4095  4095  
   1   131    29  
1677150304 Thu Feb 23 16:35:04 2023
4095   445  4095  4095  4095  
   1    96    29  
1677150304 Thu Feb 23 16:35:04 2023
4095   449  4095  4095  4095  
   1   134    29  
1677150305 Thu Feb 23 16:35:04 2023
4095   479  4095  4095  4095  
   1    95    29  
1677150305 Thu Feb 23 16:35:05 2023
4095   444  4095  4095  4095  
   1   133    29  
1677150306 Thu Feb 23 16:35:05 2023
4095   443  4095  4095  4095  
   1   102    29  
1677150306 Thu Feb 23 16:35:06 2023
4095   468  4095  4095  4095  
   1    96    29  
1677150306 Thu Feb 23 16:35:06 2023
4095   473  4095  4095  4095  
   1    94    29  
1677150307 Thu Feb 23 16:35:07 2023
4095   452  4095  4095  4095  
   1   115    29  
1677150308 Thu Feb 23 16:35:07 2023
4095   480  4095  4095  4095  
   1   100    29  
1677150308 Thu Feb 23 16:35:08 2023
4095   450  4095  4095  4095  
   1   171    29  
1677150309 Thu Feb 23 16:35:09 2023
4095   435  4095  4095  4095  
   1   107    29  
1677150310 Thu Feb 23 16:35:10 2023
4095   463  4095  4095  4095  
   1   122    29  
1677150310 Thu Feb 23 16:35:10 2023
4095   472  4095  4095  4095  
   1    94    29  
1677150311 Thu Feb 23 16:35:10 2023
4095  4095  4095  4095  4095  
   1    75    29  
1677150311 Thu Feb 23 16:35:11 2023
4095   470  4095  4095  4095  
   1   101    29  
1677150312 Thu Feb 23 16:35:11 2023
4095   448  4095  4095  4095  
   1   170    29  
1677150312 Thu Feb 23 16:35:12 2023
4095   472  4095  4095  4095  
   1    91    29  
1677150312 Thu Feb 23 16:35:12 2023
4095   475  4095  4095  4095  
   1   107    29  
1677150313 Thu Feb 23 16:35:13 2023
4095   442  4095  4095  4095  
   1   107    29  
1677150313 Thu Feb 23 16:35:13 2023
4095   450  4095  4095  4095  
   1   101    29  
1677150314 Thu Feb 23 16:35:13 2023
4095   468  4095  4095  4095  
   1   116    29  
1677150314 Thu Feb 23 16:35:14 2023
4095   467  4095  4095  4095  
   1    81    29  
1677150315 Thu Feb 23 16:35:15 2023
4095   458  4095  4095  4095  
   1   111    29  
1677150315 Thu Feb 23 16:35:15 2023
4095   477  4095  4095  4095  
   1    81    29  
1677150316 Thu Feb 23 16:35:15 2023
4095   434  4095  4095  4095  
   1   171    29  
1677150316 Thu Feb 23 16:35:16 2023
4095   439  4095  4095  4095  
   1   129    29  
1677150317 Thu Feb 23 16:35:17 2023
4095   443  4095  4095  4095  
   1   132    29  
1677150317 Thu Feb 23 16:35:17 2023
4095   490  4095  4095  4095  
   1    91    29  
1677150317 Thu Feb 23 16:35:17 2023
4095   482  4095  4095  4095  
   1    91    29  
1677150318 Thu Feb 23 16:35:17 2023
4095   478  4095  4095  4095  
   1    85    29  
1677150318 Thu Feb 23 16:35:18 2023
4095   570  4095  4095  4095  
   1    92    29  
1677150320 Thu Feb 23 16:35:19 2023
4095   443  4095  4095  4095  
   1   120    29  
1677150320 Thu Feb 23 16:35:20 2023
4095   490  4095  4095  4095  
   1   100    29  
1677150321 Thu Feb 23 16:35:21 2023
4095   437  4095  4095  4095  
   1   122    29  
1677150321 Thu Feb 23 16:35:21 2023
4095   463  4095  4095  4095  
   1   124    29  
1677150322 Thu Feb 23 16:35:21 2023
4095   454  4095  4095  4095  
   1   121    29  
1677150322 Thu Feb 23 16:35:22 2023
4095   438  4095  4095  4095  
   1    96    29  
1677150322 Thu Feb 23 16:35:22 2023
4095   440  4095  4095  4095  
   1   131    29  
1677150322 Thu Feb 23 16:35:22 2023
4095   395  4095  4095  4095  
   1    98    29  
1677150323 Thu Feb 23 16:35:23 2023
4095   475  4095  4095  4095  
   1    95    29  
1677150323 Thu Feb 23 16:35:23 2023
4095   440  4095  4095  4095  
   1   163    29  
1677150324 Thu Feb 23 16:35:24 2023
4095   483  4095  4095  4095  
   1    80    29  
1677150324 Thu Feb 23 16:35:24 2023
4095   470  4095  4095  4095  
   1    94    29  
1677150325 Thu Feb 23 16:35:24 2023
4095   489  4095  4095  4095  
   1    81    29  
1677150325 Thu Feb 23 16:35:25 2023
4095   460  4095  4095  4095  
   1   122    29  
1677150326 Thu Feb 23 16:35:25 2023
4095  4095  4095  4095  4095  
   1    80    29  
1677150326 Thu Feb 23 16:35:26 2023
4095   467  4095  4095  4095  
   1   104    29  
1677150327 Thu Feb 23 16:35:27 2023
4095   463  4095  4095  4095  
   1   113    29  
1677150327 Thu Feb 23 16:35:27 2023
4095   460  4095  4095  4095  
   1    91    29  
1677150328 Thu Feb 23 16:35:27 2023
4095   452  4095  4095  4095  
   1   133    29  
1677150328 Thu Feb 23 16:35:28 2023
4095   474  4095  4095  4095  
   1    89    29  
1677150329 Thu Feb 23 16:35:29 2023
4095   381  4095  4095  4095  
   1   108    29  
1677150330 Thu Feb 23 16:35:29 2023
4095   500  4095  4095  4095  
   1   103    29  
1677150330 Thu Feb 23 16:35:30 2023
4095   443  4095  4095  4095  
   1   291    29  
1677150330 Thu Feb 23 16:35:30 2023
4095   448  4095  4095  4095  
   1   101    29  
1677150331 Thu Feb 23 16:35:31 2023
4095   449  4095  4095  4095  
   1   137    29  
1677150332 Thu Feb 23 16:35:32 2023
4095   439  4095  4095  4095  
   1   115    29  
1677150333 Thu Feb 23 16:35:33 2023
4095   470  4095  4095  4095  
   1    94    29  
1677150333 Thu Feb 23 16:35:33 2023
4095   458  4095  4095  4095  
   1   105    29  
1677150334 Thu Feb 23 16:35:33 2023
4095   413  4095  4095  4095  
   1   103    29  
1677150335 Thu Feb 23 16:35:34 2023
4095   473  4095  4095  4095  
   1   101    29  
1677150335 Thu Feb 23 16:35:35 2023
4095   434  4095  4095  4095  
   1    87    29  
1677150336 Thu Feb 23 16:35:35 2023
4095   444  4095  4095  4095  
   1    90    29  
1677150336 Thu Feb 23 16:35:36 2023
4095   461  4095  4095  4095  
   1   112    29  
1677150336 Thu Feb 23 16:35:36 2023
4095   493  4095  4095  4095  
   1    98    29  
1677150337 Thu Feb 23 16:35:36 2023
4095   481  4095  4095  4095  
   1    93    29  
1677150337 Thu Feb 23 16:35:37 2023
4095   453  4095  4095  4095  
   1   144    29  
1677150338 Thu Feb 23 16:35:38 2023
4095   455  4095  4095  4095  
   1    99    29  
1677150338 Thu Feb 23 16:35:38 2023
4095   442  4095  4095  4095  
   1   107    29  
1677150339 Thu Feb 23 16:35:38 2023
4095   461  4095  4095  4095  
   1   119    29  
1677150339 Thu Feb 23 16:35:39 2023
4095   455  4095  4095  4095  
   1   128    29  
1677150340 Thu Feb 23 16:35:39 2023
4095   433  4095  4095  4095  
   1   119    29  
1677150340 Thu Feb 23 16:35:40 2023
4095   479  4095  4095  4095  
   1   101    29  
1677150340 Thu Feb 23 16:35:40 2023
4095   436  4095  4095  4095  
   1   157    29  
1677150341 Thu Feb 23 16:35:40 2023
4095   441  4095  4095  4095  
   1   143    29  
1677150341 Thu Feb 23 16:35:41 2023
4095   540  4095  4095  4095  
   1   104    29  
1677150342 Thu Feb 23 16:35:41 2023
4095   410  4095  4095  4095  
   1   179    29  
1677150342 Thu Feb 23 16:35:42 2023
4095  4095  4095  4095  4095  
   1    81    29  
1677150342 Thu Feb 23 16:35:42 2023
4095   441  4095  4095  4095  
   1    98    29  
1677150343 Thu Feb 23 16:35:42 2023
4095   452  4095  4095  4095  
   1   114    29  
1677150343 Thu Feb 23 16:35:43 2023
4095   445  4095  4095  4095  
   1   140    29  
1677150343 Thu Feb 23 16:35:43 2023
4095   469  4095  4095  4095  
   1   105    29  
1677150344 Thu Feb 23 16:35:44 2023
4095   474  4095  4095  4095  
   1   118    29  
1677150345 Thu Feb 23 16:35:45 2023
4095   472  4095  4095  4095  
   1    97    29  
1677150345 Thu Feb 23 16:35:45 2023
4095   429  4095  4095  4095  
   1   117    29  
1677150346 Thu Feb 23 16:35:45 2023
4095   429  4095  4095  4095  
   1   126    29  
1677150346 Thu Feb 23 16:35:46 2023
4095   451  4095  4095  4095  
   1    90    29  
1677150347 Thu Feb 23 16:35:47 2023
4095   487  4095  4095  4095  
   1    99    29  
1677150348 Thu Feb 23 16:35:47 2023
4095   442  4095  4095  4095  
   1   131    29  
1677150349 Thu Feb 23 16:35:48 2023
4095   463  4095  4095  4095  
   1   170    29  
1677150349 Thu Feb 23 16:35:49 2023
4095   444  4095  4095  4095  
   1   158    29  
1677150350 Thu Feb 23 16:35:50 2023
4095   478  4095  4095  4095  
   1   102    29  
1677150350 Thu Feb 23 16:35:50 2023
4095   427  4095  4095  4095  
   1   172    29  
1677150351 Thu Feb 23 16:35:51 2023
4095   456  4095  4095  4095  
   1   118    29  
1677150351 Thu Feb 23 16:35:51 2023
4095   468  4095  4095  4095  
   1   105    29  
1677150351 Thu Feb 23 16:35:51 2023
4095   476  4095  4095  4095  
   1    88    29  
1677150352 Thu Feb 23 16:35:52 2023
4095   465  4095  4095  4095  
   1    94    29  
1677150353 Thu Feb 23 16:35:53 2023
4095  4095  4095  4095  4095  
   1    91    29  
1677150353 Thu Feb 23 16:35:53 2023
4095   483  4095  4095  4095  
   1    84    29  
1677150354 Thu Feb 23 16:35:53 2023
4095   510  4095  4095  4095  
   1   111    29  
1677150354 Thu Feb 23 16:35:54 2023
4095   476  4095  4095  4095  
   1   100    29  
1677150354 Thu Feb 23 16:35:54 2023
4095   439  4095  4095  4095  
   1   114    29  
1677150355 Thu Feb 23 16:35:55 2023
4095   427  4095  4095  4095  
   1   134    29  
1677150356 Thu Feb 23 16:35:55 2023
4095   486  4095  4095  4095  
   1    96    29  
1677150356 Thu Feb 23 16:35:56 2023
4095   407  4095  4095  4095  
   1   150    29  
1677150357 Thu Feb 23 16:35:57 2023
4095   456  4095  4095  4095  
   1   114    29  
1677150359 Thu Feb 23 16:35:59 2023
4095  4095  4095  4095  4095  
   1    83    29  
1677150360 Thu Feb 23 16:35:59 2023
4095   466  4095  4095  4095  
   1   108    29  
1677150360 Thu Feb 23 16:36:00 2023
4095   443  4095  4095  4095  
   1   178    29  
1677150361 Thu Feb 23 16:36:01 2023
4095   435  4095  4095  4095  
   1   167    29  
1677150361 Thu Feb 23 16:36:01 2023
4095   433  4095  4095  4095  
   1    86    29  
1677150362 Thu Feb 23 16:36:01 2023
4095   471  4095  4095  4095  
   1   119    29  
1677150362 Thu Feb 23 16:36:02 2023
4095   475  4095  4095  4095  
   1   142    29  
1677150363 Thu Feb 23 16:36:02 2023
4095   476  4095  4095  4095  
   1   129    29  
1677150363 Thu Feb 23 16:36:03 2023
4095   445  4095  4095  4095  
   1   174    29  
1677150364 Thu Feb 23 16:36:04 2023
4095   427  4095  4095  4095  
   1   295    29  
1677150364 Thu Feb 23 16:36:04 2023
4095   464  4095  4095  4095  
   1   115    29  
1677150365 Thu Feb 23 16:36:04 2023
4095   430  4095  4095  4095  
   1   107    29  
1677150365 Thu Feb 23 16:36:05 2023
4095   465  4095  4095  4095  
   1   101    29  
1677150367 Thu Feb 23 16:36:07 2023
4095  4095  4095  4095  4095  
   1    85    29  
1677150368 Thu Feb 23 16:36:08 2023
4095   471  4095  4095  4095  
   1    92    29  
1677150368 Thu Feb 23 16:36:08 2023
4095   473  4095  4095  4095  
   1    96    29  
1677150369 Thu Feb 23 16:36:09 2023
4095   444  4095  4095  4095  
   1   146    29  
1677150370 Thu Feb 23 16:36:10 2023
4095   443  4095  4095  4095  
   1   101    29  
1677150370 Thu Feb 23 16:36:10 2023
4095   466  4095  4095  4095  
   1    85    29  
1677150371 Thu Feb 23 16:36:11 2023
4095   472  4095  4095  4095  
   1   100    29  
1677150372 Thu Feb 23 16:36:11 2023
4095   452  4095  4095  4095  
   1   110    29  
1677150372 Thu Feb 23 16:36:12 2023
4095   436  4095  4095  4095  
   1   105    29  
1677150373 Thu Feb 23 16:36:13 2023
4095   458  4095  4095  4095  
   1   131    29  
1677150374 Thu Feb 23 16:36:13 2023
4095  4095  4095  4095  4095  
   1    82    29  
1677150374 Thu Feb 23 16:36:14 2023
4095   435  4095  4095  4095  
   1   113    29  
1677150375 Thu Feb 23 16:36:14 2023
4095   439  4095  4095  4095  
   1   161    29  
1677150375 Thu Feb 23 16:36:15 2023
4095   488  4095  4095  4095  
   1    88    29  
1677150376 Thu Feb 23 16:36:15 2023
4095   491  4095  4095  4095  
   1    87    29  
1677150376 Thu Feb 23 16:36:16 2023
4095   458  4095  4095  4095  
   1   133    29  
1677150376 Thu Feb 23 16:36:16 2023
4095   464  4095  4095  4095  
   1   101    29  
1677150377 Thu Feb 23 16:36:17 2023
4095   464  4095  4095  4095  
   1    92    29  
1677150378 Thu Feb 23 16:36:17 2023
4095   448  4095  4095  4095  
   1   126    29  
1677150379 Thu Feb 23 16:36:18 2023
4095   446  4095  4095  4095  
   1   146    29  
1677150379 Thu Feb 23 16:36:19 2023
4095  4095  4095  4095  4095  
   1    66    29  
1677150380 Thu Feb 23 16:36:19 2023
4095   417  4095  4095  4095  
   1   144    29  
1677150381 Thu Feb 23 16:36:21 2023
4095   459  4095  4095  4095  
   1    88    29  
1677150382 Thu Feb 23 16:36:22 2023
4095   444  4095  4095  4095  
   1    90    29  
1677150384 Thu Feb 23 16:36:24 2023
4095   397  4095  4095  4095  
   1   191    29  
1677150385 Thu Feb 23 16:36:24 2023
4095   448  4095  4095  4095  
   1   126    29  
1677150385 Thu Feb 23 16:36:25 2023
4095   448  4095  4095  4095  
   1   122    29  
1677150386 Thu Feb 23 16:36:25 2023
4095   443  4095  4095  4095  
   1   227    29  
1677150386 Thu Feb 23 16:36:26 2023
4095  4095  4095  4095  4095  
   1    75    29  
1677150387 Thu Feb 23 16:36:27 2023
4095   448  4095  4095  4095  
   1    79    29  
1677150388 Thu Feb 23 16:36:28 2023
4095   488  4095  4095  4095  
   1    87    29  
1677150389 Thu Feb 23 16:36:28 2023
4095   440  4095  4095  4095  
   1    91    29  
1677150390 Thu Feb 23 16:36:30 2023
4095   439  4095  4095  4095  
   1   178    29  
1677150391 Thu Feb 23 16:36:30 2023
4095  4095  4095  4095  4095  
   1    73    29  
1677150391 Thu Feb 23 16:36:31 2023
4095   464  4095  4095  4095  
   1   107    29  
1677150391 Thu Feb 23 16:36:31 2023
4095   461  4095  4095  4095  
   1   113    29  
1677150392 Thu Feb 23 16:36:31 2023
4095   443  4095  4095  4095  
   1   127    29  
1677150392 Thu Feb 23 16:36:32 2023
4095   472  4095  4095  4095  
   1   111    29  
1677150393 Thu Feb 23 16:36:32 2023
4095   441  4095  4095  4095  
   1   146    29  
1677150393 Thu Feb 23 16:36:33 2023
4095  4095  4095  4095  4095  
   1    79    29  
1677150393 Thu Feb 23 16:36:33 2023
4095   430  4095  4095  4095  
   1   131    29  
1677150394 Thu Feb 23 16:36:33 2023
4095  4095  4095  4095  4095  
   1    81    29  
1677150394 Thu Feb 23 16:36:34 2023
4095   474  4095  4095  4095  
   1   118    29  
1677150395 Thu Feb 23 16:36:34 2023
4095   440  4095  4095  4095  
   1   153    29  
1677150395 Thu Feb 23 16:36:35 2023
4095   487  4095  4095  4095  
   1   102    29  
1677150396 Thu Feb 23 16:36:36 2023
4095   445  4095  4095  4095  
   1   129    29  
1677150397 Thu Feb 23 16:36:37 2023
4095   475  4095  4095  4095  
   1   136    29  
1677150398 Thu Feb 23 16:36:37 2023
4095   445  4095  4095  4095  
   1   129    29  
1677150398 Thu Feb 23 16:36:38 2023
4095   455  4095  4095  4095  
   1   110    29  
1677150399 Thu Feb 23 16:36:39 2023
4095   536  4095  4095  4095  
   1    86    29  
1677150400 Thu Feb 23 16:36:40 2023
4095  4095  4095  4095  4095  
   1    76    29  
1677150401 Thu Feb 23 16:36:40 2023
4095   480  4095  4095  4095  
   1   111    29  
1677150401 Thu Feb 23 16:36:41 2023
4095  4095  4095  4095  4095  
   1    82    29  
1677150402 Thu Feb 23 16:36:42 2023
4095  4095  4095  4095  4095  
   1    90    29  
1677150403 Thu Feb 23 16:36:42 2023
4095   454  4095  4095  4095  
   1   158    29  
1677150403 Thu Feb 23 16:36:43 2023
4095   457  4095  4095  4095  
   1   120    29  
1677150404 Thu Feb 23 16:36:43 2023
4095   441  4095  4095  4095  
   1   134    29  
1677150405 Thu Feb 23 16:36:44 2023
4095   450  4095  4095  4095  
   1   202    29  
1677150405 Thu Feb 23 16:36:45 2023
4095   455  4095  4095  4095  
   1   129    29  
1677150406 Thu Feb 23 16:36:45 2023
4095   447  4095  4095  4095  
   1   132    29  
1677150406 Thu Feb 23 16:36:46 2023
4095   452  4095  4095  4095  
   1   142    29  
1677150408 Thu Feb 23 16:36:47 2023
4095   424  4095  4095  4095  
   1   103    29  
1677150408 Thu Feb 23 16:36:48 2023
4095   467  4095  4095  4095  
   1    89    29  
1677150409 Thu Feb 23 16:36:48 2023
4095   506  4095  4095  4095  
   1    75    29  
1677150409 Thu Feb 23 16:36:49 2023
4095   456  4095  4095  4095  
   1   116    29  
1677150409 Thu Feb 23 16:36:49 2023
4095   443  4095  4095  4095  
   1   113    29  
1677150410 Thu Feb 23 16:36:50 2023
4095   441  4095  4095  4095  
   1   122    29  
1677150411 Thu Feb 23 16:36:51 2023
4095   396  4095  4095  4095  
   1    96    29  
1677150411 Thu Feb 23 16:36:51 2023
4095   474  4095  4095  4095  
   1    99    29  
1677150412 Thu Feb 23 16:36:51 2023
4095   469  4095  4095  4095  
   1   101    29  
1677150413 Thu Feb 23 16:36:52 2023
4095   480  4095  4095  4095  
   1   104    29  
1677150413 Thu Feb 23 16:36:53 2023
4095   455  4095  4095  4095  
   1    98    29  
1677150414 Thu Feb 23 16:36:53 2023
4095   436  4095  4095  4095  
   1   119    29  
1677150414 Thu Feb 23 16:36:54 2023
4095   465  4095  4095  4095  
   1   126    29  
1677150414 Thu Feb 23 16:36:54 2023
4095   431  4095  4095  4095  
   1   143    29  
1677150415 Thu Feb 23 16:36:54 2023
4095   438  4095  4095  4095  
   1   114    29  
1677150415 Thu Feb 23 16:36:55 2023
4095   442  4095  4095  4095  
   1   167    29  
1677150416 Thu Feb 23 16:36:55 2023
4095   436  4095  4095  4095  
   1   138    29  
1677150417 Thu Feb 23 16:36:56 2023
4095   447  4095  4095  4095  
   1   113    29  
1677150417 Thu Feb 23 16:36:57 2023
4095   446  4095  4095  4095  
   1   133    29  
1677150418 Thu Feb 23 16:36:57 2023
4095   439  4095  4095  4095  
   1   116    29  
1677150418 Thu Feb 23 16:36:58 2023
4095   499  4095  4095  4095  
   1   105    29  
1677150418 Thu Feb 23 16:36:58 2023
4095  4095  4095  4095  4095  
   1    77    29  
1677150418 Thu Feb 23 16:36:58 2023
4095   444  4095  4095  4095  
   1   203    29  
1677150419 Thu Feb 23 16:36:58 2023
4095   451  4095  4095  4095  
   1   115    29  
1677150419 Thu Feb 23 16:36:59 2023
4095   477  4095  4095  4095  
   1    85    29  
1677150419 Thu Feb 23 16:36:59 2023
4095   445  4095  4095  4095  
   1   122    29  
1677150419 Thu Feb 23 16:36:59 2023
4095   455  4095  4095  4095  
   1   126    29  
1677150420 Thu Feb 23 16:37:00 2023
4095   413  4095  4095  4095  
   1   134    29  
1677150420 Thu Feb 23 16:37:00 2023
4095   445  4095  4095  4095  
   1   233    29  
1677150421 Thu Feb 23 16:37:00 2023
4095  4095  4095  4095  4095  
   1    89    29  
1677150421 Thu Feb 23 16:37:01 2023
4095   421  4095  4095  4095  
   1   111    29  
1677150422 Thu Feb 23 16:37:01 2023
4095   443  4095  4095  4095  
   1   117    29  
1677150423 Thu Feb 23 16:37:03 2023
4095   506  4095  4095  4095  
   1   102    29  
1677150424 Thu Feb 23 16:37:04 2023
4095   435  4095  4095  4095  
   1   158    29  
1677150424 Thu Feb 23 16:37:04 2023
4095   433  4095  4095  4095  
   1   196    29  
1677150424 Thu Feb 23 16:37:04 2023
4095   451  4095  4095  4095  
   1   140    29  
1677150425 Thu Feb 23 16:37:05 2023
4095   443  4095  4095  4095  
   1   113    29  
1677150426 Thu Feb 23 16:37:06 2023
4095   440  4095  4095  4095  
   1   105    29  
1677150426 Thu Feb 23 16:37:06 2023
4095   450  4095  4095  4095  
   1   124    29  
1677150427 Thu Feb 23 16:37:07 2023
4095   437  4095  4095  4095  
   1   112    29  
1677150427 Thu Feb 23 16:37:07 2023
4095   433  4095  4095  4095  
   1   133    29  
1677150428 Thu Feb 23 16:37:07 2023
4095   475  4095  4095  4095  
   1   111    29  
1677150428 Thu Feb 23 16:37:08 2023
4095   450  4095  4095  4095  
   1   105    29  
1677150428 Thu Feb 23 16:37:08 2023
4095   437  4095  4095  4095  
   1   125    29  
1677150429 Thu Feb 23 16:37:08 2023
4095   453  4095  4095  4095  
   1   149    29  
1677150429 Thu Feb 23 16:37:09 2023
4095   435  4095  4095  4095  
   1   117    29  
1677150429 Thu Feb 23 16:37:09 2023
4095   438  4095  4095  4095  
   1   133    29  
1677150430 Thu Feb 23 16:37:10 2023
4095   452  4095  4095  4095  
   1   114    29  
1677150431 Thu Feb 23 16:37:11 2023
4095   483  4095  4095  4095  
   1   110    29  
1677150431 Thu Feb 23 16:37:11 2023
4095   445  4095  4095  4095  
   1   112    29  
1677150433 Thu Feb 23 16:37:13 2023
4095   438  4095  4095  4095  
   1   161    29  
1677150434 Thu Feb 23 16:37:14 2023
4095   476  4095  4095  4095  
   1   116    29  
1677150435 Thu Feb 23 16:37:14 2023
4095   441  4095  4095  4095  
   1   120    29  
1677150435 Thu Feb 23 16:37:15 2023
4095   442  4095  4095  4095  
   1    95    29  
1677150435 Thu Feb 23 16:37:15 2023
4095  4095  4095  4095  4095  
   1    73    29  
1677150436 Thu Feb 23 16:37:15 2023
4095   471  4095  4095  4095  
   1   134    29  
1677150437 Thu Feb 23 16:37:17 2023
4095   462  4095  4095  4095  
   1    96    29  
1677150438 Thu Feb 23 16:37:17 2023
4095   443  4095  4095  4095  
   1   127    29  
1677150438 Thu Feb 23 16:37:18 2023
4095   458  4095  4095  4095  
   1   108    29  
1677150439 Thu Feb 23 16:37:19 2023
4095   417  4095  4095  4095  
   1   221    29  
1677150440 Thu Feb 23 16:37:19 2023
4095   447  4095  4095  4095  
   1   193    29  
1677150440 Thu Feb 23 16:37:20 2023
4095   466  4095  4095  4095  
   1   175    29  
1677150440 Thu Feb 23 16:37:20 2023
4095   443  4095  4095  4095  
   1   111    29  
1677150441 Thu Feb 23 16:37:20 2023
4095   458  4095  4095  4095  
   1   122    29  
1677150441 Thu Feb 23 16:37:21 2023
4095   451  4095  4095  4095  
   1   134    29  
1677150441 Thu Feb 23 16:37:21 2023
4095   455  4095  4095  4095  
   1   105    29  
1677150442 Thu Feb 23 16:37:22 2023
4095   476  4095  4095  4095  
   1   118    29  
1677150442 Thu Feb 23 16:37:22 2023
4095   433  4095  4095  4095  
   1   113    29  
1677150443 Thu Feb 23 16:37:22 2023
4095   443  4095  4095  4095  
   1   129    29  
1677150444 Thu Feb 23 16:37:24 2023
4095   480  4095  4095  4095  
   1   103    29  
1677150445 Thu Feb 23 16:37:24 2023
4095   442  4095  4095  4095  
   1    97    29  
1677150448 Thu Feb 23 16:37:28 2023
4095   442  4095  4095  4095  
   1   197    29  
1677150448 Thu Feb 23 16:37:28 2023
4095   469  4095  4095  4095  
   1    95    29  
1677150449 Thu Feb 23 16:37:28 2023
4095  4095  4095  4095  4095  
   1    69    29  
1677150449 Thu Feb 23 16:37:29 2023
4095   460  4095  4095  4095  
   1    93    29  
1677150449 Thu Feb 23 16:37:29 2023
4095   451  4095  4095  4095  
   1   193    29  
1677150450 Thu Feb 23 16:37:30 2023
4095   446  4095  4095  4095  
   1    98    29  
1677150450 Thu Feb 23 16:37:30 2023
4095   456  4095  4095  4095  
   1   113    29  
1677150450 Thu Feb 23 16:37:30 2023
4095   530  4095  4095  4095  
   1    92    29  
1677150451 Thu Feb 23 16:37:31 2023
4095   441  4095  4095  4095  
   1   124    29  
1677150451 Thu Feb 23 16:37:31 2023
4095   468  4095  4095  4095  
   1    94    29  
1677150452 Thu Feb 23 16:37:32 2023
4095   450  4095  4095  4095  
   1   102    29  
1677150452 Thu Feb 23 16:37:32 2023
4095   471  4095  4095  4095  
   1    83    29  
1677150453 Thu Feb 23 16:37:32 2023
4095   458  4095  4095  4095  
   1   100    29  
1677150454 Thu Feb 23 16:37:33 2023
4095   478  4095  4095  4095  
   1   104    29  
1677150454 Thu Feb 23 16:37:34 2023
4095   430  4095  4095  4095  
   1   141    29  
1677150455 Thu Feb 23 16:37:35 2023
4095   465  4095  4095  4095  
   1   114    29  
1677150455 Thu Feb 23 16:37:35 2023
4095   454  4095  4095  4095  
   1   114    29  
1677150457 Thu Feb 23 16:37:36 2023
4095   457  4095  4095  4095  
   1   142    29  
1677150457 Thu Feb 23 16:37:37 2023
4095   417  4095  4095  4095  
   1   197    29  
1677150458 Thu Feb 23 16:37:38 2023
4095  4095  4095  4095  4095  
   1    88    29  
1677150458 Thu Feb 23 16:37:38 2023
4095   469  4095  4095  4095  
   1   116    29  
1677150459 Thu Feb 23 16:37:39 2023
4095   457  4095  4095  4095  
   1   127    29  
1677150460 Thu Feb 23 16:37:40 2023
4095   494  4095  4095  4095  
   1    90    29  
1677150461 Thu Feb 23 16:37:40 2023
4095   443  4095  4095  4095  
   1   105    29  
1677150462 Thu Feb 23 16:37:41 2023
4095   448  4095  4095  4095  
   1   120    29  
1677150462 Thu Feb 23 16:37:42 2023
4095   447  4095  4095  4095  
   1   105    29  
1677150462 Thu Feb 23 16:37:42 2023
4095   460  4095  4095  4095  
   1   104    29  
1677150463 Thu Feb 23 16:37:42 2023
4095   451  4095  4095  4095  
   1   107    29  
1677150463 Thu Feb 23 16:37:43 2023
4095   452  4095  4095  4095  
   1   108    29  
1677150464 Thu Feb 23 16:37:44 2023
4095  4095  4095  4095  4095  
   1    43    29  
1677150465 Thu Feb 23 16:37:45 2023
4095   433  4095  4095  4095  
   1   198    29  
1677150465 Thu Feb 23 16:37:45 2023
4095   440  4095  4095  4095  
   1   169    29  
1677150466 Thu Feb 23 16:37:46 2023
4095   444  4095  4095  4095  
   1   102    29  
1677150466 Thu Feb 23 16:37:46 2023
4095   447  4095  4095  4095  
   1   134    29  
1677150467 Thu Feb 23 16:37:47 2023
4095   441  4095  4095  4095  
   1   185    29  
1677150467 Thu Feb 23 16:37:47 2023
4095   440  4095  4095  4095  
   1   105    29  
1677150468 Thu Feb 23 16:37:48 2023
4095   461  4095  4095  4095  
   1    86    29  
1677150469 Thu Feb 23 16:37:49 2023
4095   474  4095  4095  4095  
   1   119    29  
1677150469 Thu Feb 23 16:37:49 2023
4095   476  4095  4095  4095  
   1    87    29  
1677150470 Thu Feb 23 16:37:49 2023
4095   441  4095  4095  4095  
   1   116    29  
1677150470 Thu Feb 23 16:37:50 2023
4095   440  4095  4095  4095  
   1   125    29  
1677150471 Thu Feb 23 16:37:50 2023
4095   431  4095  4095  4095  
   1   164    29  
1677150472 Thu Feb 23 16:37:52 2023
4095   472  4095  4095  4095  
   1   100    29  
1677150473 Thu Feb 23 16:37:52 2023
4095   451  4095  4095  4095  
   1   110    29  
1677150473 Thu Feb 23 16:37:53 2023
4095   439  4095  4095  4095  
   1   185    29  
1677150473 Thu Feb 23 16:37:53 2023
4095   470  4095  4095  4095  
   1   126    29  
1677150474 Thu Feb 23 16:37:53 2023
4095   443  4095  4095  4095  
   1   169    29  
1677150475 Thu Feb 23 16:37:54 2023
4095   376  4095  4095  4095  
   1   150    29  
1677150475 Thu Feb 23 16:37:55 2023
4095   447  4095  4095  4095  
   1   151    29  
1677150476 Thu Feb 23 16:37:56 2023
4095   456  4095  4095  4095  
   1   114    29  
1677150477 Thu Feb 23 16:37:57 2023
4095   452  4095  4095  4095  
   1   136    29  
1677150478 Thu Feb 23 16:37:57 2023
4095   445  4095  4095  4095  
   1   111    29  
1677150478 Thu Feb 23 16:37:58 2023
4095   434  4095  4095  4095  
   1   169    29  
1677150478 Thu Feb 23 16:37:58 2023
4095   451  4095  4095  4095  
   1   142    29  
1677150479 Thu Feb 23 16:37:59 2023
4095   483  4095  4095  4095  
   1    87    29  
1677150479 Thu Feb 23 16:37:59 2023
4095   440  4095  4095  4095  
   1   134    29  
1677150479 Thu Feb 23 16:37:59 2023
4095   442  4095  4095  4095  
   1   177    29  
1677150480 Thu Feb 23 16:38:00 2023
4095   455  4095  4095  4095  
   1   137    29  
1677150482 Thu Feb 23 16:38:01 2023
4095   476  4095  4095  4095  
   1   110    29  
1677150482 Thu Feb 23 16:38:02 2023
4095   438  4095  4095  4095  
   1   112    29  
1677150482 Thu Feb 23 16:38:02 2023
4095   469  4095  4095  4095  
   1   122    29  
1677150482 Thu Feb 23 16:38:02 2023
4095   460  4095  4095  4095  
   1   124    29  
1677150483 Thu Feb 23 16:38:02 2023
4095   449  4095  4095  4095  
   1   106    29  
1677150484 Thu Feb 23 16:38:03 2023
4095   472  4095  4095  4095  
   1   112    29  
1677150484 Thu Feb 23 16:38:04 2023
4095   433  4095  4095  4095  
   1   115    29  
1677150484 Thu Feb 23 16:38:04 2023
4095   455  4095  4095  4095  
   1   137    29  
1677150485 Thu Feb 23 16:38:05 2023
4095   480  4095  4095  4095  
   1    98    29  
1677150485 Thu Feb 23 16:38:05 2023
4095  4095  4095  4095  4095  
   1    65    29  
1677150486 Thu Feb 23 16:38:06 2023
4095   445  4095  4095  4095  
   1   110    29  
1677150487 Thu Feb 23 16:38:06 2023
4095   441  4095  4095  4095  
   1   112    29  
1677150487 Thu Feb 23 16:38:07 2023
4095   440  4095  4095  4095  
   1   152    29  
1677150487 Thu Feb 23 16:38:07 2023
4095   450  4095  4095  4095  
   1   103    29  
1677150487 Thu Feb 23 16:38:07 2023
4095   442  4095  4095  4095  
   1   116    29  
1677150488 Thu Feb 23 16:38:07 2023
4095   445  4095  4095  4095  
   1   102    29  
1677150488 Thu Feb 23 16:38:08 2023
4095   467  4095  4095  4095  
   1    95    29  
1677150488 Thu Feb 23 16:38:08 2023
4095   428  4095  4095  4095  
   1   145    29  
1677150489 Thu Feb 23 16:38:08 2023
4095   417  4095  4095  4095  
   1   118    29  
