1677151386 Thu Feb 23 16:53:06 2023
4095   432  4095  4095  4095  
   1   224    29  
1677151387 Thu Feb 23 16:53:06 2023
4095   413  4095  4095  4095  
   1   184    29  
1677151387 Thu Feb 23 16:53:07 2023
4095   432  4095  4095  4095  
   1   137    29  
1677151387 Thu Feb 23 16:53:07 2023
4095   459  4095  4095  4095  
   1    96    29  
1677151387 Thu Feb 23 16:53:07 2023
4095   430  4095  4095  4095  
   1   275    29  
1677151388 Thu Feb 23 16:53:07 2023
4095   443  4095  4095  4095  
   1   130    29  
1677151388 Thu Feb 23 16:53:08 2023
4095   423  4095  4095  4095  
   1   242    29  
1677151389 Thu Feb 23 16:53:09 2023
4095   433  4095  4095  4095  
   1   130    29  
1677151390 Thu Feb 23 16:53:10 2023
4095   414  4095  4095  4095  
   1   158    29  
1677151391 Thu Feb 23 16:53:10 2023
4095   428  4095  4095  4095  
   1   150    29  
1677151391 Thu Feb 23 16:53:11 2023
4095   423  4095  4095  4095  
   1   140    29  
1677151392 Thu Feb 23 16:53:12 2023
4095   404  4095  4095  4095  
   1   313    29  
1677151393 Thu Feb 23 16:53:13 2023
4095   418  4095  4095  4095  
   1   149    29  
1677151394 Thu Feb 23 16:53:13 2023
4095   412  4095  4095  4095  
   1   139    29  
1677151394 Thu Feb 23 16:53:14 2023
4095   435  4095  4095  4095  
   1   162    29  
1677151395 Thu Feb 23 16:53:14 2023
4095   429  4095  4095  4095  
   1   155    29  
1677151395 Thu Feb 23 16:53:15 2023
4095   454  4095  4095  4095  
   1   110    29  
1677151395 Thu Feb 23 16:53:15 2023
4095   439  4095  4095  4095  
   1   152    29  
1677151396 Thu Feb 23 16:53:15 2023
4095   413  4095  4095  4095  
   1   127    29  
1677151396 Thu Feb 23 16:53:16 2023
4095   426  4095  4095  4095  
   1   153    29  
1677151397 Thu Feb 23 16:53:16 2023
4095   444  4095  4095  4095  
   1   167    29  
1677151397 Thu Feb 23 16:53:17 2023
4095   432  4095  4095  4095  
   1   139    29  
1677151397 Thu Feb 23 16:53:17 2023
4095   431  4095  4095  4095  
   1   140    29  
1677151398 Thu Feb 23 16:53:17 2023
4095   404  4095  4095  4095  
   1   220    29  
1677151398 Thu Feb 23 16:53:18 2023
4095   427  4095  4095  4095  
   1   437    29  
1677151400 Thu Feb 23 16:53:19 2023
4095   537  4095  4095  4095  
   1    86    29  
1677151400 Thu Feb 23 16:53:20 2023
4095   426  4095  4095  4095  
   1   239    29  
1677151400 Thu Feb 23 16:53:20 2023
4095   434  4095  4095  4095  
   1   142    29  
1677151401 Thu Feb 23 16:53:21 2023
4095   438  4095  4095  4095  
   1   146    29  
1677151401 Thu Feb 23 16:53:21 2023
4095   427  4095  4095  4095  
   1   202    29  
1677151403 Thu Feb 23 16:53:22 2023
4095   467  4095  4095  4095  
   1   148    29  
1677151403 Thu Feb 23 16:53:23 2023
4095   406  4095  4095  4095  
   1   276    29  
1677151404 Thu Feb 23 16:53:23 2023
4095   439  4095  4095  4095  
   1   160    29  
1677151404 Thu Feb 23 16:53:24 2023
4095   428  4095  4095  4095  
   1   111    29  
1677151405 Thu Feb 23 16:53:25 2023
4095   460  4095  4095  4095  
   1   153    29  
1677151406 Thu Feb 23 16:53:25 2023
4095   432  4095  4095  4095  
   1   111    29  
1677151406 Thu Feb 23 16:53:26 2023
4095   441  4095  4095  4095  
   1   156    29  
1677151406 Thu Feb 23 16:53:26 2023
4095   460  4095  4095  4095  
   1   124    29  
1677151407 Thu Feb 23 16:53:27 2023
4095   425  4095  4095  4095  
   1   258    29  
1677151407 Thu Feb 23 16:53:27 2023
4095   420  4095  4095  4095  
   1   136    29  
1677151408 Thu Feb 23 16:53:28 2023
4095   449  4095  4095  4095  
   1   106    29  
1677151408 Thu Feb 23 16:53:28 2023
4095   436  4095  4095  4095  
   1   157    29  
1677151408 Thu Feb 23 16:53:28 2023
4095   430  4095  4095  4095  
   1   210    29  
1677151409 Thu Feb 23 16:53:29 2023
4095   435  4095  4095  4095  
   1   137    29  
1677151410 Thu Feb 23 16:53:29 2023
4095   447  4095  4095  4095  
   1   150    29  
1677151410 Thu Feb 23 16:53:30 2023
4095   432  4095  4095  4095  
   1   198    29  
1677151410 Thu Feb 23 16:53:30 2023
4095   418  4095  4095  4095  
   1   125    29  
1677151412 Thu Feb 23 16:53:32 2023
4095   426  4095  4095  4095  
   1   127    29  
1677151412 Thu Feb 23 16:53:32 2023
4095   435  4095  4095  4095  
   1   136    29  
1677151412 Thu Feb 23 16:53:32 2023
4095   433  4095  4095  4095  
   1   116    29  
1677151413 Thu Feb 23 16:53:32 2023
4095   472  4095  4095  4095  
   1   124    29  
1677151413 Thu Feb 23 16:53:33 2023
4095   422  4095  4095  4095  
   1   244    29  
1677151414 Thu Feb 23 16:53:33 2023
4095   413  4095  4095  4095  
   1   208    29  
1677151414 Thu Feb 23 16:53:34 2023
4095   436  4095  4095  4095  
   1   167    29  
1677151415 Thu Feb 23 16:53:34 2023
4095   446  4095  4095  4095  
   1   102    29  
1677151415 Thu Feb 23 16:53:35 2023
4095   462  4095  4095  4095  
   1   107    29  
1677151416 Thu Feb 23 16:53:36 2023
4095   417  4095  4095  4095  
   1   122    29  
1677151416 Thu Feb 23 16:53:36 2023
4095   441  4095  4095  4095  
   1   139    29  
1677151416 Thu Feb 23 16:53:36 2023
4095   449  4095  4095  4095  
   1   109    29  
1677151417 Thu Feb 23 16:53:37 2023
4095   429  4095  4095  4095  
   1   190    29  
1677151418 Thu Feb 23 16:53:38 2023
4095   459  4095  4095  4095  
   1   132    29  
1677151419 Thu Feb 23 16:53:39 2023
4095   426  4095  4095  4095  
   1   133    29  
1677151419 Thu Feb 23 16:53:39 2023
4095   424  4095  4095  4095  
   1   190    29  
1677151419 Thu Feb 23 16:53:39 2023
4095   425  4095  4095  4095  
   1   174    29  
1677151420 Thu Feb 23 16:53:40 2023
4095   430  4095  4095  4095  
   1   160    29  
1677151421 Thu Feb 23 16:53:41 2023
4095   440  4095  4095  4095  
   1   139    29  
1677151421 Thu Feb 23 16:53:41 2023
4095   489  4095  4095  4095  
   1   104    29  
1677151421 Thu Feb 23 16:53:41 2023
4095   408  4095  4095  4095  
   1   171    29  
1677151422 Thu Feb 23 16:53:42 2023
4095   427  4095  4095  4095  
   1   249    29  
1677151423 Thu Feb 23 16:53:43 2023
4095   432  4095  4095  4095  
   1   291    29  
1677151424 Thu Feb 23 16:53:44 2023
4095   437  4095  4095  4095  
   1   130    29  
1677151424 Thu Feb 23 16:53:44 2023
4095   440  4095  4095  4095  
   1   117    29  
1677151425 Thu Feb 23 16:53:45 2023
4095   423  4095  4095  4095  
   1   150    29  
1677151425 Thu Feb 23 16:53:45 2023
4095   435  4095  4095  4095  
   1   227    29  
1677151425 Thu Feb 23 16:53:45 2023
4095   434  4095  4095  4095  
   1   126    29  
1677151426 Thu Feb 23 16:53:45 2023
4095   493  4095  4095  4095  
   1   131    29  
1677151426 Thu Feb 23 16:53:46 2023
4095   424  4095  4095  4095  
   1   237    29  
1677151426 Thu Feb 23 16:53:46 2023
4095   431  4095  4095  4095  
   1   177    29  
1677151426 Thu Feb 23 16:53:46 2023
4095   395  4095  4095  4095  
   1   329    29  
1677151427 Thu Feb 23 16:53:46 2023
4095   429  4095  4095  4095  
   1   152    29  
1677151429 Thu Feb 23 16:53:49 2023
4095   421  4095  4095  4095  
   1   244    29  
1677151430 Thu Feb 23 16:53:50 2023
4095   443  4095  4095  4095  
   1   104    29  
1677151430 Thu Feb 23 16:53:50 2023
4095   425  4095  4095  4095  
   1   189    29  
1677151431 Thu Feb 23 16:53:50 2023
4095   416  4095  4095  4095  
   1   201    29  
1677151431 Thu Feb 23 16:53:51 2023
4095   439  4095  4095  4095  
   1   164    29  
1677151432 Thu Feb 23 16:53:51 2023
4095   447  4095  4095  4095  
   1    85    29  
1677151432 Thu Feb 23 16:53:52 2023
4095   447  4095  4095  4095  
   1   131    29  
1677151432 Thu Feb 23 16:53:52 2023
4095   437  4095  4095  4095  
   1   231    29  
1677151433 Thu Feb 23 16:53:52 2023
4095   434  4095  4095  4095  
   1   165    29  
1677151433 Thu Feb 23 16:53:53 2023
4095   437  4095  4095  4095  
   1   205    29  
1677151434 Thu Feb 23 16:53:54 2023
4095   453  4095  4095  4095  
   1   127    29  
1677151434 Thu Feb 23 16:53:54 2023
4095   435  4095  4095  4095  
   1   139    29  
1677151435 Thu Feb 23 16:53:54 2023
4095   432  4095  4095  4095  
   1   101    29  
1677151435 Thu Feb 23 16:53:55 2023
4095   422  4095  4095  4095  
   1   111    29  
1677151435 Thu Feb 23 16:53:55 2023
4095   428  4095  4095  4095  
   1   176    29  
1677151437 Thu Feb 23 16:53:56 2023
4095   480  4095  4095  4095  
   1    80    29  
1677151437 Thu Feb 23 16:53:57 2023
4095   432  4095  4095  4095  
   1   192    29  
1677151438 Thu Feb 23 16:53:57 2023
4095   449  4095  4095  4095  
   1   145    29  
1677151438 Thu Feb 23 16:53:58 2023
4095   432  4095  4095  4095  
   1   171    29  
1677151438 Thu Feb 23 16:53:58 2023
4095   438  4095  4095  4095  
   1   118    29  
1677151438 Thu Feb 23 16:53:58 2023
4095   438  4095  4095  4095  
   1   126    29  
1677151440 Thu Feb 23 16:54:00 2023
4095   428  4095  4095  4095  
   1   169    29  
1677151440 Thu Feb 23 16:54:00 2023
4095   431  4095  4095  4095  
   1   185    29  
1677151440 Thu Feb 23 16:54:00 2023
4095   407  4095  4095  4095  
   1   251    29  
1677151442 Thu Feb 23 16:54:01 2023
4095   429  4095  4095  4095  
   1   305    29  
1677151442 Thu Feb 23 16:54:02 2023
4095   452  4095  4095  4095  
   1    97    29  
1677151442 Thu Feb 23 16:54:02 2023
4095   427  4095  4095  4095  
   1   187    29  
1677151443 Thu Feb 23 16:54:03 2023
4095   425  4095  4095  4095  
   1   241    29  
1677151444 Thu Feb 23 16:54:04 2023
4095   433  4095  4095  4095  
   1   183    29  
1677151445 Thu Feb 23 16:54:05 2023
4095   451  4095  4095  4095  
   1   117    29  
1677151445 Thu Feb 23 16:54:05 2023
4095   437  4095  4095  4095  
   1   150    29  
1677151445 Thu Feb 23 16:54:05 2023
4095   450  4095  4095  4095  
   1   102    29  
1677151446 Thu Feb 23 16:54:05 2023
4095   427  4095  4095  4095  
   1   148    29  
1677151446 Thu Feb 23 16:54:06 2023
4095   432  4095  4095  4095  
   1   165    29  
1677151447 Thu Feb 23 16:54:07 2023
4095   423  4095  4095  4095  
   1   339    29  
1677151447 Thu Feb 23 16:54:07 2023
4095   422  4095  4095  4095  
   1   261    29  
1677151448 Thu Feb 23 16:54:07 2023
4095   434  4095  4095  4095  
   1   139    29  
1677151448 Thu Feb 23 16:54:08 2023
4095   402  4095  4095  4095  
   1   228    29  
1677151448 Thu Feb 23 16:54:08 2023
4095   425  4095  4095  4095  
   1   146    29  
1677151448 Thu Feb 23 16:54:08 2023
4095   414  4095  4095  4095  
   1   145    29  
1677151449 Thu Feb 23 16:54:08 2023
4095   415  4095  4095  4095  
   1   303    29  
1677151449 Thu Feb 23 16:54:09 2023
4095   462  4095  4095  4095  
   1   141    29  
1677151450 Thu Feb 23 16:54:10 2023
4095   435  4095  4095  4095  
   1   202    29  
1677151451 Thu Feb 23 16:54:11 2023
4095   437  4095  4095  4095  
   1   178    29  
1677151453 Thu Feb 23 16:54:13 2023
4095   441  4095  4095  4095  
   1   119    29  
1677151453 Thu Feb 23 16:54:13 2023
4095   424  4095  4095  4095  
   1   234    29  
1677151454 Thu Feb 23 16:54:14 2023
4095   434  4095  4095  4095  
   1   162    29  
1677151454 Thu Feb 23 16:54:14 2023
4095   448  4095  4095  4095  
   1   170    29  
1677151454 Thu Feb 23 16:54:14 2023
4095   412  4095  4095  4095  
   1   197    29  
1677151455 Thu Feb 23 16:54:14 2023
4095   433  4095  4095  4095  
   1   180    29  
1677151455 Thu Feb 23 16:54:15 2023
4095   436  4095  4095  4095  
   1   132    29  
1677151455 Thu Feb 23 16:54:15 2023
4095   440  4095  4095  4095  
   1   126    29  
1677151455 Thu Feb 23 16:54:15 2023
4095   442  4095  4095  4095  
   1   128    29  
1677151455 Thu Feb 23 16:54:15 2023
4095   454  4095  4095  4095  
   1    92    29  
1677151456 Thu Feb 23 16:54:15 2023
4095   406  4095  4095  4095  
   1   226    29  
1677151457 Thu Feb 23 16:54:17 2023
4095   434  4095  4095  4095  
   1   149    29  
1677151458 Thu Feb 23 16:54:18 2023
4095   451  4095  4095  4095  
   1    96    29  
1677151459 Thu Feb 23 16:54:19 2023
4095   424  4095  4095  4095  
   1   455    29  
1677151459 Thu Feb 23 16:54:19 2023
4095   432  4095  4095  4095  
   1   132    29  
1677151459 Thu Feb 23 16:54:19 2023
4095  4095  4095  4095  4095  
   1    82    29  
1677151460 Thu Feb 23 16:54:20 2023
4095   434  4095  4095  4095  
   1   175    29  
1677151462 Thu Feb 23 16:54:21 2023
4095   422  4095  4095  4095  
   1   161    29  
1677151462 Thu Feb 23 16:54:22 2023
4095   414  4095  4095  4095  
   1   136    29  
1677151463 Thu Feb 23 16:54:22 2023
4095   409  4095  4095  4095  
   1   166    29  
1677151463 Thu Feb 23 16:54:23 2023
4095   430  4095  4095  4095  
   1   191    29  
1677151463 Thu Feb 23 16:54:23 2023
4095   435  4095  4095  4095  
   1   156    29  
1677151464 Thu Feb 23 16:54:23 2023
4095   482  4095  4095  4095  
   1   109    29  
1677151464 Thu Feb 23 16:54:24 2023
4095   426  4095  4095  4095  
   1   129    29  
1677151465 Thu Feb 23 16:54:25 2023
4095   432  4095  4095  4095  
   1   247    29  
1677151466 Thu Feb 23 16:54:26 2023
4095   430  4095  4095  4095  
   1   129    29  
1677151467 Thu Feb 23 16:54:27 2023
4095   429  4095  4095  4095  
   1   162    29  
1677151468 Thu Feb 23 16:54:27 2023
4095   420  4095  4095  4095  
   1   165    29  
1677151468 Thu Feb 23 16:54:28 2023
4095   421  4095  4095  4095  
   1   182    29  
1677151468 Thu Feb 23 16:54:28 2023
4095   436  4095  4095  4095  
   1   165    29  
1677151470 Thu Feb 23 16:54:30 2023
4095   431  4095  4095  4095  
   1   130    29  
1677151470 Thu Feb 23 16:54:30 2023
4095   482  4095  4095  4095  
   1   107    29  
1677151471 Thu Feb 23 16:54:30 2023
4095   435  4095  4095  4095  
   1   229    29  
1677151473 Thu Feb 23 16:54:33 2023
4095   435  4095  4095  4095  
   1   151    29  
1677151474 Thu Feb 23 16:54:34 2023
4095   435  4095  4095  4095  
   1   122    29  
1677151474 Thu Feb 23 16:54:34 2023
4095   426  4095  4095  4095  
   1   285    29  
1677151475 Thu Feb 23 16:54:34 2023
4095   432  4095  4095  4095  
   1   135    29  
1677151475 Thu Feb 23 16:54:35 2023
4095   431  4095  4095  4095  
   1   123    29  
1677151476 Thu Feb 23 16:54:35 2023
4095   441  4095  4095  4095  
   1   150    29  
1677151476 Thu Feb 23 16:54:36 2023
4095   439  4095  4095  4095  
   1   114    29  
1677151476 Thu Feb 23 16:54:36 2023
4095   439  4095  4095  4095  
   1   128    29  
1677151476 Thu Feb 23 16:54:36 2023
4095   428  4095  4095  4095  
   1   143    29  
1677151477 Thu Feb 23 16:54:36 2023
4095   438  4095  4095  4095  
   1   193    29  
1677151477 Thu Feb 23 16:54:37 2023
4095   439  4095  4095  4095  
   1   131    29  
1677151478 Thu Feb 23 16:54:37 2023
4095   434  4095  4095  4095  
   1   183    29  
1677151478 Thu Feb 23 16:54:38 2023
4095   432  4095  4095  4095  
   1   176    29  
1677151479 Thu Feb 23 16:54:38 2023
4095   437  4095  4095  4095  
   1   183    29  
1677151479 Thu Feb 23 16:54:39 2023
4095   426  4095  4095  4095  
   1   147    29  
1677151481 Thu Feb 23 16:54:41 2023
4095   434  4095  4095  4095  
   1   164    29  
1677151482 Thu Feb 23 16:54:41 2023
4095   428  4095  4095  4095  
   1   180    29  
1677151482 Thu Feb 23 16:54:42 2023
4095   439  4095  4095  4095  
   1   165    29  
1677151483 Thu Feb 23 16:54:43 2023
4095   434  4095  4095  4095  
   1   194    29  
1677151483 Thu Feb 23 16:54:43 2023
4095   429  4095  4095  4095  
   1   137    29  
1677151484 Thu Feb 23 16:54:44 2023
4095   431  4095  4095  4095  
   1   219    29  
1677151485 Thu Feb 23 16:54:44 2023
4095   431  4095  4095  4095  
   1   129    29  
1677151485 Thu Feb 23 16:54:45 2023
4095   436  4095  4095  4095  
   1   141    29  
1677151486 Thu Feb 23 16:54:45 2023
4095   435  4095  4095  4095  
   1   201    29  
1677151486 Thu Feb 23 16:54:46 2023
4095   420  4095  4095  4095  
   1   110    29  
1677151486 Thu Feb 23 16:54:46 2023
4095   430  4095  4095  4095  
   1   368    29  
1677151487 Thu Feb 23 16:54:46 2023
4095   454  4095  4095  4095  
   1   113    29  
1677151487 Thu Feb 23 16:54:47 2023
4095   438  4095  4095  4095  
   1   189    29  
1677151489 Thu Feb 23 16:54:49 2023
4095   433  4095  4095  4095  
   1   160    29  
1677151489 Thu Feb 23 16:54:49 2023
4095   416  4095  4095  4095  
   1   254    29  
1677151490 Thu Feb 23 16:54:49 2023
4095   440  4095  4095  4095  
   1   102    29  
1677151490 Thu Feb 23 16:54:50 2023
4095   420  4095  4095  4095  
   1   131    29  
1677151492 Thu Feb 23 16:54:51 2023
4095   442  4095  4095  4095  
   1   182    29  
1677151493 Thu Feb 23 16:54:53 2023
4095   453  4095  4095  4095  
   1   106    29  
1677151494 Thu Feb 23 16:54:53 2023
4095   442  4095  4095  4095  
   1   142    29  
1677151494 Thu Feb 23 16:54:54 2023
4095   434  4095  4095  4095  
   1   206    29  
1677151494 Thu Feb 23 16:54:54 2023
4095   452  4095  4095  4095  
   1   141    29  
1677151496 Thu Feb 23 16:54:55 2023
4095   459  4095  4095  4095  
   1   114    29  
1677151496 Thu Feb 23 16:54:56 2023
4095   426  4095  4095  4095  
   1   227    29  
1677151496 Thu Feb 23 16:54:56 2023
4095   437  4095  4095  4095  
   1   160    29  
1677151497 Thu Feb 23 16:54:57 2023
4095   429  4095  4095  4095  
   1   126    29  
1677151498 Thu Feb 23 16:54:58 2023
4095   443  4095  4095  4095  
   1   118    29  
1677151499 Thu Feb 23 16:54:58 2023
4095   426  4095  4095  4095  
   1   231    29  
1677151499 Thu Feb 23 16:54:59 2023
4095   436  4095  4095  4095  
   1   139    29  
1677151499 Thu Feb 23 16:54:59 2023
4095   426  4095  4095  4095  
   1   212    29  
1677151500 Thu Feb 23 16:54:59 2023
4095   437  4095  4095  4095  
   1   155    29  
1677151501 Thu Feb 23 16:55:00 2023
4095   414  4095  4095  4095  
   1   334    29  
1677151502 Thu Feb 23 16:55:02 2023
4095   422  4095  4095  4095  
   1   135    29  
1677151502 Thu Feb 23 16:55:02 2023
4095   419  4095  4095  4095  
   1   181    29  
1677151502 Thu Feb 23 16:55:02 2023
4095   438  4095  4095  4095  
   1   226    29  
1677151503 Thu Feb 23 16:55:02 2023
4095   439  4095  4095  4095  
   1   139    29  
1677151503 Thu Feb 23 16:55:03 2023
4095   435  4095  4095  4095  
   1   103    29  
1677151503 Thu Feb 23 16:55:03 2023
4095   447  4095  4095  4095  
   1   167    29  
1677151504 Thu Feb 23 16:55:04 2023
4095   433  4095  4095  4095  
   1   150    29  
1677151504 Thu Feb 23 16:55:04 2023
4095   423  4095  4095  4095  
   1   173    29  
1677151505 Thu Feb 23 16:55:05 2023
4095   435  4095  4095  4095  
   1   120    29  
1677151505 Thu Feb 23 16:55:05 2023
4095   432  4095  4095  4095  
   1   254    29  
1677151506 Thu Feb 23 16:55:06 2023
4095   431  4095  4095  4095  
   1    99    29  
1677151506 Thu Feb 23 16:55:06 2023
4095   433  4095  4095  4095  
   1   121    29  
1677151507 Thu Feb 23 16:55:07 2023
4095   405  4095  4095  4095  
   1   192    29  
1677151508 Thu Feb 23 16:55:08 2023
4095   425  4095  4095  4095  
   1   130    29  
1677151508 Thu Feb 23 16:55:08 2023
4095   459  4095  4095  4095  
   1   136    29  
1677151511 Thu Feb 23 16:55:10 2023
4095   434  4095  4095  4095  
   1   205    29  
1677151511 Thu Feb 23 16:55:11 2023
4095   459  4095  4095  4095  
   1   109    29  
1677151511 Thu Feb 23 16:55:11 2023
4095   438  4095  4095  4095  
   1   146    29  
1677151511 Thu Feb 23 16:55:11 2023
4095   427  4095  4095  4095  
   1   136    29  
1677151512 Thu Feb 23 16:55:12 2023
4095   433  4095  4095  4095  
   1   144    29  
1677151512 Thu Feb 23 16:55:12 2023
4095   499  4095  4095  4095  
   1   104    29  
1677151514 Thu Feb 23 16:55:14 2023
4095   437  4095  4095  4095  
   1   158    29  
1677151515 Thu Feb 23 16:55:14 2023
4095   438  4095  4095  4095  
   1   120    29  
1677151516 Thu Feb 23 16:55:16 2023
4095   430  4095  4095  4095  
   1   151    29  
1677151517 Thu Feb 23 16:55:16 2023
4095   413  4095  4095  4095  
   1   226    29  
1677151517 Thu Feb 23 16:55:17 2023
4095   464  4095  4095  4095  
   1   116    29  
1677151518 Thu Feb 23 16:55:17 2023
4095   407  4095  4095  4095  
   1   179    29  
1677151520 Thu Feb 23 16:55:19 2023
4095   424  4095  4095  4095  
   1   153    29  
1677151520 Thu Feb 23 16:55:20 2023
4095   409  4095  4095  4095  
   1   169    29  
1677151521 Thu Feb 23 16:55:20 2023
4095   440  4095  4095  4095  
   1   154    29  
1677151521 Thu Feb 23 16:55:21 2023
4095   423  4095  4095  4095  
   1   145    29  
1677151522 Thu Feb 23 16:55:21 2023
4095   424  4095  4095  4095  
   1   250    29  
1677151522 Thu Feb 23 16:55:22 2023
4095   433  4095  4095  4095  
   1   168    29  
1677151523 Thu Feb 23 16:55:23 2023
4095   425  4095  4095  4095  
   1   147    29  
1677151524 Thu Feb 23 16:55:23 2023
4095   445  4095  4095  4095  
   1   108    29  
1677151524 Thu Feb 23 16:55:24 2023
4095   437  4095  4095  4095  
   1    98    29  
1677151524 Thu Feb 23 16:55:24 2023
4095   442  4095  4095  4095  
   1   110    29  
1677151525 Thu Feb 23 16:55:24 2023
4095   440  4095  4095  4095  
   1   129    29  
1677151525 Thu Feb 23 16:55:25 2023
4095   433  4095  4095  4095  
   1   278    29  
1677151526 Thu Feb 23 16:55:26 2023
4095   455  4095  4095  4095  
   1   113    29  
1677151527 Thu Feb 23 16:55:26 2023
4095   439  4095  4095  4095  
   1   103    29  
1677151527 Thu Feb 23 16:55:27 2023
4095   431  4095  4095  4095  
   1   198    29  
1677151527 Thu Feb 23 16:55:27 2023
4095   439  4095  4095  4095  
   1   122    29  
1677151528 Thu Feb 23 16:55:28 2023
4095   427  4095  4095  4095  
   1   191    29  
1677151528 Thu Feb 23 16:55:28 2023
4095   465  4095  4095  4095  
   1   136    29  
1677151529 Thu Feb 23 16:55:29 2023
4095   445  4095  4095  4095  
   1   151    29  
1677151530 Thu Feb 23 16:55:30 2023
4095   436  4095  4095  4095  
   1   114    29  
1677151531 Thu Feb 23 16:55:31 2023
4095   437  4095  4095  4095  
   1   253    29  
1677151531 Thu Feb 23 16:55:31 2023
4095   454  4095  4095  4095  
   1   166    29  
1677151532 Thu Feb 23 16:55:32 2023
4095   434  4095  4095  4095  
   1   202    29  
1677151533 Thu Feb 23 16:55:33 2023
4095   449  4095  4095  4095  
   1   143    29  
1677151533 Thu Feb 23 16:55:33 2023
4095   414  4095  4095  4095  
   1   152    29  
1677151533 Thu Feb 23 16:55:33 2023
4095   392  4095  4095  4095  
   1   208    29  
1677151534 Thu Feb 23 16:55:33 2023
4095   438  4095  4095  4095  
   1   137    29  
1677151535 Thu Feb 23 16:55:35 2023
4095   388  4095  4095  4095  
   1   193    29  
1677151535 Thu Feb 23 16:55:35 2023
4095   436  4095  4095  4095  
   1    98    29  
1677151537 Thu Feb 23 16:55:37 2023
4095   440  4095  4095  4095  
   1   122    29  
1677151538 Thu Feb 23 16:55:37 2023
4095   426  4095  4095  4095  
   1   163    29  
1677151538 Thu Feb 23 16:55:38 2023
4095   443  4095  4095  4095  
   1   140    29  
1677151539 Thu Feb 23 16:55:38 2023
4095   445  4095  4095  4095  
   1   133    29  
1677151539 Thu Feb 23 16:55:39 2023
4095   412  4095  4095  4095  
   1   176    29  
1677151539 Thu Feb 23 16:55:39 2023
4095   426  4095  4095  4095  
   1   168    29  
1677151540 Thu Feb 23 16:55:39 2023
4095   429  4095  4095  4095  
   1   147    29  
1677151540 Thu Feb 23 16:55:40 2023
4095   443  4095  4095  4095  
   1   123    29  
1677151540 Thu Feb 23 16:55:40 2023
4095   412  4095  4095  4095  
   1   400    29  
1677151541 Thu Feb 23 16:55:41 2023
4095   443  4095  4095  4095  
   1   131    29  
1677151542 Thu Feb 23 16:55:42 2023
4095   428  4095  4095  4095  
   1   232    29  
1677151543 Thu Feb 23 16:55:43 2023
4095   436  4095  4095  4095  
   1   118    29  
1677151543 Thu Feb 23 16:55:43 2023
4095   442  4095  4095  4095  
   1   141    29  
1677151544 Thu Feb 23 16:55:44 2023
4095   433  4095  4095  4095  
   1   195    29  
1677151545 Thu Feb 23 16:55:44 2023
4095   436  4095  4095  4095  
   1   175    29  
1677151545 Thu Feb 23 16:55:45 2023
4095   379  4095  4095  4095  
   1   146    29  
1677151546 Thu Feb 23 16:55:46 2023
4095   403  4095  4095  4095  
   1   248    29  
1677151546 Thu Feb 23 16:55:46 2023
4095   432  4095  4095  4095  
   1   102    29  
1677151547 Thu Feb 23 16:55:46 2023
4095   402  4095  4095  4095  
   1   279    29  
1677151548 Thu Feb 23 16:55:48 2023
4095   433  4095  4095  4095  
   1   178    29  
1677151549 Thu Feb 23 16:55:48 2023
4095   436  4095  4095  4095  
   1   236    29  
1677151549 Thu Feb 23 16:55:49 2023
4095   448  4095  4095  4095  
   1   151    29  
1677151550 Thu Feb 23 16:55:50 2023
4095   427  4095  4095  4095  
   1   203    29  
1677151551 Thu Feb 23 16:55:51 2023
4095   419  4095  4095  4095  
   1   151    29  
1677151551 Thu Feb 23 16:55:51 2023
4095   460  4095  4095  4095  
   1   131    29  
1677151552 Thu Feb 23 16:55:51 2023
4095   416  4095  4095  4095  
   1   186    29  
1677151552 Thu Feb 23 16:55:52 2023
4095   430  4095  4095  4095  
   1   140    29  
1677151553 Thu Feb 23 16:55:52 2023
4095   412  4095  4095  4095  
   1   118    29  
1677151553 Thu Feb 23 16:55:53 2023
4095   440  4095  4095  4095  
   1   152    29  
1677151553 Thu Feb 23 16:55:53 2023
4095   448  4095  4095  4095  
   1   144    29  
1677151555 Thu Feb 23 16:55:55 2023
4095   437  4095  4095  4095  
   1   120    29  
1677151555 Thu Feb 23 16:55:55 2023
4095   471  4095  4095  4095  
   1    88    29  
1677151556 Thu Feb 23 16:55:56 2023
4095   441  4095  4095  4095  
   1   109    29  
1677151557 Thu Feb 23 16:55:56 2023
4095   448  4095  4095  4095  
   1   127    29  
1677151558 Thu Feb 23 16:55:57 2023
4095   431  4095  4095  4095  
   1   143    29  
1677151559 Thu Feb 23 16:55:59 2023
4095   404  4095  4095  4095  
   1   161    29  
1677151560 Thu Feb 23 16:56:00 2023
4095   423  4095  4095  4095  
   1   147    29  
1677151560 Thu Feb 23 16:56:00 2023
4095   410  4095  4095  4095  
   1   150    29  
1677151561 Thu Feb 23 16:56:00 2023
4095   426  4095  4095  4095  
   1   133    29  
1677151561 Thu Feb 23 16:56:01 2023
4095   410  4095  4095  4095  
   1   165    29  
1677151562 Thu Feb 23 16:56:01 2023
4095   437  4095  4095  4095  
   1   118    29  
1677151562 Thu Feb 23 16:56:02 2023
4095   438  4095  4095  4095  
   1   199    29  
1677151562 Thu Feb 23 16:56:02 2023
4095   430  4095  4095  4095  
   1   147    29  
1677151563 Thu Feb 23 16:56:03 2023
4095   430  4095  4095  4095  
   1   142    29  
1677151563 Thu Feb 23 16:56:03 2023
4095   439  4095  4095  4095  
   1   132    29  
1677151563 Thu Feb 23 16:56:03 2023
4095   423  4095  4095  4095  
   1   196    29  
1677151564 Thu Feb 23 16:56:03 2023
4095   445  4095  4095  4095  
   1   142    29  
1677151564 Thu Feb 23 16:56:04 2023
4095   435  4095  4095  4095  
   1   148    29  
1677151565 Thu Feb 23 16:56:05 2023
4095   434  4095  4095  4095  
   1   159    29  
1677151565 Thu Feb 23 16:56:05 2023
4095   430  4095  4095  4095  
   1   188    29  
1677151566 Thu Feb 23 16:56:05 2023
4095   460  4095  4095  4095  
   1    96    29  
1677151567 Thu Feb 23 16:56:06 2023
4095   426  4095  4095  4095  
   1   208    29  
1677151567 Thu Feb 23 16:56:07 2023
4095   416  4095  4095  4095  
   1   432    29  
1677151568 Thu Feb 23 16:56:08 2023
4095   415  4095  4095  4095  
   1   154    29  
1677151569 Thu Feb 23 16:56:08 2023
4095   401  4095  4095  4095  
   1   217    29  
1677151569 Thu Feb 23 16:56:09 2023
4095   433  4095  4095  4095  
   1   179    29  
1677151570 Thu Feb 23 16:56:09 2023
4095   438  4095  4095  4095  
   1   214    29  
1677151571 Thu Feb 23 16:56:10 2023
4095   481  4095  4095  4095  
   1    99    29  
1677151572 Thu Feb 23 16:56:11 2023
4095   428  4095  4095  4095  
   1   179    29  
1677151572 Thu Feb 23 16:56:12 2023
4095   446  4095  4095  4095  
   1   138    29  
1677151572 Thu Feb 23 16:56:12 2023
4095   434  4095  4095  4095  
   1   172    29  
1677151572 Thu Feb 23 16:56:12 2023
4095   452  4095  4095  4095  
   1   133    29  
1677151573 Thu Feb 23 16:56:13 2023
4095   409  4095  4095  4095  
   1   392    29  
1677151574 Thu Feb 23 16:56:14 2023
4095   452  4095  4095  4095  
   1   109    29  
1677151574 Thu Feb 23 16:56:14 2023
4095   433  4095  4095  4095  
   1   162    29  
1677151575 Thu Feb 23 16:56:14 2023
4095   431  4095  4095  4095  
   1   322    29  
1677151575 Thu Feb 23 16:56:15 2023
4095   448  4095  4095  4095  
   1   137    29  
1677151575 Thu Feb 23 16:56:15 2023
4095   440  4095  4095  4095  
   1   118    29  
1677151576 Thu Feb 23 16:56:16 2023
4095   444  4095  4095  4095  
   1   141    29  
1677151577 Thu Feb 23 16:56:17 2023
4095   439  4095  4095  4095  
   1   146    29  
1677151577 Thu Feb 23 16:56:17 2023
4095   436  4095  4095  4095  
   1   138    29  
1677151578 Thu Feb 23 16:56:17 2023
4095  4095  4095  4095  4095  
   1    73    29  
1677151578 Thu Feb 23 16:56:18 2023
4095   433  4095  4095  4095  
   1   166    29  
1677151579 Thu Feb 23 16:56:19 2023
4095   432  4095  4095  4095  
   1   138    29  
1677151580 Thu Feb 23 16:56:20 2023
4095   469  4095  4095  4095  
   1   105    29  
1677151580 Thu Feb 23 16:56:20 2023
4095   404  4095  4095  4095  
   1   191    29  
1677151581 Thu Feb 23 16:56:20 2023
4095   432  4095  4095  4095  
   1   195    29  
1677151581 Thu Feb 23 16:56:21 2023
4095   471  4095  4095  4095  
   1   148    29  
1677151582 Thu Feb 23 16:56:22 2023
4095   430  4095  4095  4095  
   1   228    29  
1677151582 Thu Feb 23 16:56:22 2023
4095   433  4095  4095  4095  
   1   188    29  
1677151583 Thu Feb 23 16:56:23 2023
4095   437  4095  4095  4095  
   1   136    29  
1677151584 Thu Feb 23 16:56:23 2023
4095   428  4095  4095  4095  
   1   147    29  
1677151584 Thu Feb 23 16:56:24 2023
4095   434  4095  4095  4095  
   1   148    29  
1677151584 Thu Feb 23 16:56:24 2023
4095   422  4095  4095  4095  
   1   271    29  
1677151585 Thu Feb 23 16:56:24 2023
4095   440  4095  4095  4095  
   1   190    29  
1677151585 Thu Feb 23 16:56:25 2023
4095   419  4095  4095  4095  
   1   162    29  
1677151585 Thu Feb 23 16:56:25 2023
4095   441  4095  4095  4095  
   1   143    29  
1677151586 Thu Feb 23 16:56:25 2023
4095   434  4095  4095  4095  
   1   154    29  
1677151587 Thu Feb 23 16:56:26 2023
4095   436  4095  4095  4095  
   1   135    29  
1677151587 Thu Feb 23 16:56:27 2023
4095   426  4095  4095  4095  
   1   183    29  
1677151587 Thu Feb 23 16:56:27 2023
4095   430  4095  4095  4095  
   1   190    29  
1677151588 Thu Feb 23 16:56:28 2023
4095   421  4095  4095  4095  
   1   403    29  
1677151589 Thu Feb 23 16:56:29 2023
4095   447  4095  4095  4095  
   1   134    29  
1677151590 Thu Feb 23 16:56:29 2023
4095   475  4095  4095  4095  
   1   103    29  
1677151590 Thu Feb 23 16:56:30 2023
4095   388  4095  4095  4095  
   1   253    29  
1677151590 Thu Feb 23 16:56:30 2023
4095   401  4095  4095  4095  
   1   144    29  
1677151591 Thu Feb 23 16:56:31 2023
4095   444  4095  4095  4095  
   1   147    29  
1677151591 Thu Feb 23 16:56:31 2023
4095   436  4095  4095  4095  
   1   147    29  
1677151592 Thu Feb 23 16:56:31 2023
4095   443  4095  4095  4095  
   1   122    29  
1677151592 Thu Feb 23 16:56:32 2023
4095   412  4095  4095  4095  
   1   134    29  
1677151593 Thu Feb 23 16:56:32 2023
4095   434  4095  4095  4095  
   1    87    29  
1677151593 Thu Feb 23 16:56:33 2023
4095   417  4095  4095  4095  
   1   142    29  
1677151593 Thu Feb 23 16:56:33 2023
4095   404  4095  4095  4095  
   1   330    29  
1677151594 Thu Feb 23 16:56:33 2023
4095   438  4095  4095  4095  
   1   120    29  
1677151594 Thu Feb 23 16:56:34 2023
4095   431  4095  4095  4095  
   1   164    29  
1677151594 Thu Feb 23 16:56:34 2023
4095   449  4095  4095  4095  
   1   138    29  
1677151594 Thu Feb 23 16:56:34 2023
4095   431  4095  4095  4095  
   1   220    29  
1677151595 Thu Feb 23 16:56:35 2023
4095   444  4095  4095  4095  
   1   306    29  
1677151596 Thu Feb 23 16:56:36 2023
4095   424  4095  4095  4095  
   1   113    29  
1677151596 Thu Feb 23 16:56:36 2023
4095   430  4095  4095  4095  
   1   132    29  
1677151596 Thu Feb 23 16:56:36 2023
4095   432  4095  4095  4095  
   1   224    29  
1677151597 Thu Feb 23 16:56:37 2023
4095   423  4095  4095  4095  
   1   176    29  
1677151598 Thu Feb 23 16:56:38 2023
4095   441  4095  4095  4095  
   1   137    29  
1677151598 Thu Feb 23 16:56:38 2023
4095   435  4095  4095  4095  
   1   119    29  
1677151598 Thu Feb 23 16:56:38 2023
4095   432  4095  4095  4095  
   1   156    29  
1677151599 Thu Feb 23 16:56:38 2023
4095   413  4095  4095  4095  
   1   156    29  
1677151599 Thu Feb 23 16:56:39 2023
4095   440  4095  4095  4095  
   1   118    29  
1677151600 Thu Feb 23 16:56:39 2023
4095   436  4095  4095  4095  
   1   161    29  
1677151601 Thu Feb 23 16:56:41 2023
4095   424  4095  4095  4095  
   1   155    29  
1677151602 Thu Feb 23 16:56:41 2023
4095   421  4095  4095  4095  
   1   144    29  
1677151602 Thu Feb 23 16:56:42 2023
4095   431  4095  4095  4095  
   1   148    29  
1677151602 Thu Feb 23 16:56:42 2023
4095   479  4095  4095  4095  
   1   106    29  
1677151602 Thu Feb 23 16:56:42 2023
4095   434  4095  4095  4095  
   1   150    29  
1677151603 Thu Feb 23 16:56:43 2023
4095   422  4095  4095  4095  
   1   202    29  
1677151604 Thu Feb 23 16:56:43 2023
4095   442  4095  4095  4095  
   1   145    29  
1677151604 Thu Feb 23 16:56:44 2023
4095   438  4095  4095  4095  
   1   134    29  
1677151604 Thu Feb 23 16:56:44 2023
4095   423  4095  4095  4095  
   1   213    29  
1677151604 Thu Feb 23 16:56:44 2023
4095   432  4095  4095  4095  
   1   143    29  
1677151605 Thu Feb 23 16:56:45 2023
4095   434  4095  4095  4095  
   1   183    29  
1677151605 Thu Feb 23 16:56:45 2023
4095   461  4095  4095  4095  
   1   109    29  
1677151606 Thu Feb 23 16:56:46 2023
4095   440  4095  4095  4095  
   1   120    29  
1677151607 Thu Feb 23 16:56:47 2023
4095   418  4095  4095  4095  
   1   160    29  
1677151608 Thu Feb 23 16:56:48 2023
4095   429  4095  4095  4095  
   1   204    29  
1677151608 Thu Feb 23 16:56:48 2023
4095   414  4095  4095  4095  
   1   206    29  
1677151609 Thu Feb 23 16:56:48 2023
4095   408  4095  4095  4095  
   1   212    29  
1677151609 Thu Feb 23 16:56:49 2023
4095   418  4095  4095  4095  
   1   136    29  
1677151609 Thu Feb 23 16:56:49 2023
4095   416  4095  4095  4095  
   1   258    29  
1677151610 Thu Feb 23 16:56:50 2023
4095   442  4095  4095  4095  
   1   132    29  
1677151611 Thu Feb 23 16:56:50 2023
4095   428  4095  4095  4095  
   1   187    29  
1677151613 Thu Feb 23 16:56:53 2023
4095   443  4095  4095  4095  
   1   290    29  
1677151613 Thu Feb 23 16:56:53 2023
4095   414  4095  4095  4095  
   1   153    29  
1677151613 Thu Feb 23 16:56:53 2023
4095   425  4095  4095  4095  
   1   221    29  
1677151614 Thu Feb 23 16:56:54 2023
4095   435  4095  4095  4095  
   1   176    29  
1677151615 Thu Feb 23 16:56:55 2023
4095   429  4095  4095  4095  
   1   151    29  
1677151616 Thu Feb 23 16:56:56 2023
4095   477  4095  4095  4095  
   1   136    29  
1677151617 Thu Feb 23 16:56:56 2023
4095   431  4095  4095  4095  
   1   178    29  
1677151617 Thu Feb 23 16:56:57 2023
4095   422  4095  4095  4095  
   1   291    29  
1677151617 Thu Feb 23 16:56:57 2023
4095   474  4095  4095  4095  
   1   106    29  
1677151618 Thu Feb 23 16:56:57 2023
4095   435  4095  4095  4095  
   1   138    29  
1677151618 Thu Feb 23 16:56:58 2023
4095   420  4095  4095  4095  
   1   145    29  
1677151618 Thu Feb 23 16:56:58 2023
4095   480  4095  4095  4095  
   1   105    29  
1677151620 Thu Feb 23 16:56:59 2023
4095   436  4095  4095  4095  
   1   162    29  
1677151620 Thu Feb 23 16:57:00 2023
4095   428  4095  4095  4095  
   1   131    29  
1677151621 Thu Feb 23 16:57:01 2023
4095   437  4095  4095  4095  
   1   142    29  
1677151622 Thu Feb 23 16:57:01 2023
4095   415  4095  4095  4095  
   1   202    29  
1677151622 Thu Feb 23 16:57:02 2023
4095   439  4095  4095  4095  
   1   118    29  
1677151622 Thu Feb 23 16:57:02 2023
4095   426  4095  4095  4095  
   1   172    29  
1677151623 Thu Feb 23 16:57:02 2023
4095   428  4095  4095  4095  
   1   221    29  
1677151623 Thu Feb 23 16:57:03 2023
4095   428  4095  4095  4095  
   1   159    29  
1677151623 Thu Feb 23 16:57:03 2023
4095   429  4095  4095  4095  
   1   174    29  
1677151624 Thu Feb 23 16:57:03 2023
4095   421  4095  4095  4095  
   1   153    29  
1677151625 Thu Feb 23 16:57:05 2023
4095   413  4095  4095  4095  
   1   156    29  
1677151625 Thu Feb 23 16:57:05 2023
4095   446  4095  4095  4095  
   1   147    29  
1677151625 Thu Feb 23 16:57:05 2023
4095   430  4095  4095  4095  
   1   165    29  
1677151626 Thu Feb 23 16:57:06 2023
4095   441  4095  4095  4095  
   1   156    29  
1677151627 Thu Feb 23 16:57:07 2023
4095   434  4095  4095  4095  
   1   104    29  
1677151627 Thu Feb 23 16:57:07 2023
4095   441  4095  4095  4095  
   1   190    29  
1677151628 Thu Feb 23 16:57:08 2023
4095   529  4095  4095  4095  
   1    98    29  
1677151628 Thu Feb 23 16:57:08 2023
4095   444  4095  4095  4095  
   1   133    29  
1677151629 Thu Feb 23 16:57:09 2023
4095   424  4095  4095  4095  
   1   381    29  
1677151630 Thu Feb 23 16:57:09 2023
4095   444  4095  4095  4095  
   1    98    29  
1677151630 Thu Feb 23 16:57:10 2023
4095   440  4095  4095  4095  
   1   128    29  
1677151630 Thu Feb 23 16:57:10 2023
4095   434  4095  4095  4095  
   1   140    29  
1677151631 Thu Feb 23 16:57:10 2023
4095   437  4095  4095  4095  
   1   147    29  
1677151631 Thu Feb 23 16:57:11 2023
4095   445  4095  4095  4095  
   1   130    29  
1677151631 Thu Feb 23 16:57:11 2023
4095   428  4095  4095  4095  
   1   235    29  
1677151631 Thu Feb 23 16:57:11 2023
4095   434  4095  4095  4095  
   1   141    29  
1677151632 Thu Feb 23 16:57:12 2023
4095   432  4095  4095  4095  
   1   187    29  
1677151632 Thu Feb 23 16:57:12 2023
4095   434  4095  4095  4095  
   1   142    29  
1677151633 Thu Feb 23 16:57:13 2023
4095   435  4095  4095  4095  
   1   116    29  
1677151633 Thu Feb 23 16:57:13 2023
4095   478  4095  4095  4095  
   1   129    29  
1677151634 Thu Feb 23 16:57:14 2023
4095   414  4095  4095  4095  
   1   135    29  
1677151634 Thu Feb 23 16:57:14 2023
4095   435  4095  4095  4095  
   1   121    29  
1677151635 Thu Feb 23 16:57:14 2023
4095   447  4095  4095  4095  
   1   116    29  
1677151635 Thu Feb 23 16:57:15 2023
4095   427  4095  4095  4095  
   1   163    29  
1677151636 Thu Feb 23 16:57:16 2023
4095   460  4095  4095  4095  
   1    94    29  
1677151636 Thu Feb 23 16:57:16 2023
4095   438  4095  4095  4095  
   1   116    29  
1677151637 Thu Feb 23 16:57:17 2023
4095   434  4095  4095  4095  
   1   229    29  
1677151637 Thu Feb 23 16:57:17 2023
4095   439  4095  4095  4095  
   1   116    29  
1677151639 Thu Feb 23 16:57:19 2023
4095   432  4095  4095  4095  
   1   224    29  
1677151639 Thu Feb 23 16:57:19 2023
4095   456  4095  4095  4095  
   1   178    29  
1677151640 Thu Feb 23 16:57:19 2023
4095   434  4095  4095  4095  
   1   173    29  
1677151640 Thu Feb 23 16:57:20 2023
4095   442  4095  4095  4095  
   1   145    29  
1677151640 Thu Feb 23 16:57:20 2023
4095   428  4095  4095  4095  
   1   129    29  
1677151640 Thu Feb 23 16:57:20 2023
4095   477  4095  4095  4095  
   1   144    29  
1677151641 Thu Feb 23 16:57:21 2023
4095   427  4095  4095  4095  
   1   140    29  
1677151642 Thu Feb 23 16:57:22 2023
4095   432  4095  4095  4095  
   1   314    29  
1677151642 Thu Feb 23 16:57:22 2023
4095   443  4095  4095  4095  
   1   144    29  
1677151643 Thu Feb 23 16:57:23 2023
4095   430  4095  4095  4095  
   1   162    29  
1677151644 Thu Feb 23 16:57:23 2023
4095   429  4095  4095  4095  
   1   246    29  
1677151644 Thu Feb 23 16:57:24 2023
4095   436  4095  4095  4095  
   1   124    29  
1677151645 Thu Feb 23 16:57:24 2023
4095   418  4095  4095  4095  
   1   192    29  
1677151645 Thu Feb 23 16:57:25 2023
4095   432  4095  4095  4095  
   1   117    29  
1677151646 Thu Feb 23 16:57:25 2023
4095   430  4095  4095  4095  
   1   139    29  
1677151647 Thu Feb 23 16:57:26 2023
4095   423  4095  4095  4095  
   1   111    29  
1677151647 Thu Feb 23 16:57:27 2023
4095   412  4095  4095  4095  
   1   184    29  
1677151648 Thu Feb 23 16:57:28 2023
4095   438  4095  4095  4095  
   1   106    29  
1677151648 Thu Feb 23 16:57:28 2023
4095   433  4095  4095  4095  
   1   239    29  
1677151649 Thu Feb 23 16:57:28 2023
4095   410  4095  4095  4095  
   1   168    29  
1677151649 Thu Feb 23 16:57:29 2023
4095   442  4095  4095  4095  
   1   267    29  
1677151649 Thu Feb 23 16:57:29 2023
4095   430  4095  4095  4095  
   1   247    29  
1677151650 Thu Feb 23 16:57:30 2023
4095  4095  4095  4095  4095  
   1    45    29  
1677151650 Thu Feb 23 16:57:30 2023
4095   407  4095  4095  4095  
   1   157    29  
1677151650 Thu Feb 23 16:57:30 2023
4095   444  4095  4095  4095  
   1   157    29  
1677151653 Thu Feb 23 16:57:33 2023
4095   440  4095  4095  4095  
   1   118    29  
1677151653 Thu Feb 23 16:57:33 2023
4095   442  4095  4095  4095  
   1   110    29  
1677151654 Thu Feb 23 16:57:33 2023
4095   424  4095  4095  4095  
   1   150    29  
1677151654 Thu Feb 23 16:57:34 2023
4095   453  4095  4095  4095  
   1   132    29  
1677151655 Thu Feb 23 16:57:35 2023
4095   434  4095  4095  4095  
   1   177    29  
1677151655 Thu Feb 23 16:57:35 2023
4095   437  4095  4095  4095  
   1   158    29  
1677151656 Thu Feb 23 16:57:35 2023
4095   437  4095  4095  4095  
   1   179    29  
1677151657 Thu Feb 23 16:57:37 2023
4095   441  4095  4095  4095  
   1   243    29  
1677151657 Thu Feb 23 16:57:37 2023
4095   427  4095  4095  4095  
   1   169    29  
1677151658 Thu Feb 23 16:57:38 2023
4095   412  4095  4095  4095  
   1   122    29  
1677151660 Thu Feb 23 16:57:39 2023
4095   434  4095  4095  4095  
   1   186    29  
1677151660 Thu Feb 23 16:57:40 2023
4095   423  4095  4095  4095  
   1   184    29  
1677151660 Thu Feb 23 16:57:40 2023
4095   432  4095  4095  4095  
   1   217    29  
1677151661 Thu Feb 23 16:57:41 2023
4095   442  4095  4095  4095  
   1   131    29  
1677151662 Thu Feb 23 16:57:42 2023
4095   443  4095  4095  4095  
   1   279    29  
1677151662 Thu Feb 23 16:57:42 2023
4095   408  4095  4095  4095  
   1   200    29  
1677151664 Thu Feb 23 16:57:44 2023
4095   412  4095  4095  4095  
   1   174    29  
1677151665 Thu Feb 23 16:57:45 2023
4095   439  4095  4095  4095  
   1   153    29  
1677151665 Thu Feb 23 16:57:45 2023
4095   433  4095  4095  4095  
   1   152    29  
1677151666 Thu Feb 23 16:57:45 2023
4095   441  4095  4095  4095  
   1   143    29  
1677151667 Thu Feb 23 16:57:46 2023
4095   424  4095  4095  4095  
   1   184    29  
1677151667 Thu Feb 23 16:57:47 2023
4095   433  4095  4095  4095  
   1   236    29  
1677151667 Thu Feb 23 16:57:47 2023
4095   436  4095  4095  4095  
   1   138    29  
1677151667 Thu Feb 23 16:57:47 2023
4095   423  4095  4095  4095  
   1   170    29  
1677151668 Thu Feb 23 16:57:48 2023
4095   431  4095  4095  4095  
   1   137    29  
1677151669 Thu Feb 23 16:57:48 2023
4095   422  4095  4095  4095  
   1   320    29  
1677151669 Thu Feb 23 16:57:49 2023
4095   431  4095  4095  4095  
   1   300    29  
1677151669 Thu Feb 23 16:57:49 2023
4095   436  4095  4095  4095  
   1   201    29  
1677151669 Thu Feb 23 16:57:49 2023
4095   433  4095  4095  4095  
   1   134    29  
1677151670 Thu Feb 23 16:57:50 2023
4095   425  4095  4095  4095  
   1   187    29  
1677151670 Thu Feb 23 16:57:50 2023
4095   548  4095  4095  4095  
   1   109    29  
1677151671 Thu Feb 23 16:57:51 2023
4095   427  4095  4095  4095  
   1   114    29  
1677151671 Thu Feb 23 16:57:51 2023
4095   417  4095  4095  4095  
   1   135    29  
1677151672 Thu Feb 23 16:57:52 2023
4095   431  4095  4095  4095  
   1   157    29  
1677151673 Thu Feb 23 16:57:53 2023
4095   424  4095  4095  4095  
   1   130    29  
1677151674 Thu Feb 23 16:57:54 2023
4095   443  4095  4095  4095  
   1   119    29  
1677151674 Thu Feb 23 16:57:54 2023
4095   483  4095  4095  4095  
   1   108    29  
1677151675 Thu Feb 23 16:57:55 2023
4095   483  4095  4095  4095  
   1   115    29  
1677151675 Thu Feb 23 16:57:55 2023
4095   437  4095  4095  4095  
   1   142    29  
1677151676 Thu Feb 23 16:57:55 2023
4095   430  4095  4095  4095  
   1   136    29  
1677151676 Thu Feb 23 16:57:56 2023
4095   443  4095  4095  4095  
   1   106    29  
1677151677 Thu Feb 23 16:57:57 2023
4095   434  4095  4095  4095  
   1   134    29  
1677151677 Thu Feb 23 16:57:57 2023
4095   451  4095  4095  4095  
   1   159    29  
1677151678 Thu Feb 23 16:57:58 2023
4095   424  4095  4095  4095  
   1   250    29  
1677151679 Thu Feb 23 16:57:58 2023
4095   428  4095  4095  4095  
   1   252    29  
1677151679 Thu Feb 23 16:57:59 2023
4095   444  4095  4095  4095  
   1   121    29  
1677151679 Thu Feb 23 16:57:59 2023
4095   455  4095  4095  4095  
   1   132    29  
1677151679 Thu Feb 23 16:57:59 2023
4095   440  4095  4095  4095  
   1   146    29  
1677151680 Thu Feb 23 16:58:00 2023
4095   429  4095  4095  4095  
   1   200    29  
1677151680 Thu Feb 23 16:58:00 2023
4095   430  4095  4095  4095  
   1   157    29  
1677151680 Thu Feb 23 16:58:00 2023
4095   441  4095  4095  4095  
   1   163    29  
1677151680 Thu Feb 23 16:58:00 2023
4095   432  4095  4095  4095  
   1   147    29  
1677151681 Thu Feb 23 16:58:01 2023
4095   434  4095  4095  4095  
   1   492    29  
1677151683 Thu Feb 23 16:58:03 2023
4095   431  4095  4095  4095  
   1   152    29  
1677151683 Thu Feb 23 16:58:03 2023
4095   414  4095  4095  4095  
   1   312    29  
1677151684 Thu Feb 23 16:58:04 2023
4095   434  4095  4095  4095  
   1   210    29  
1677151684 Thu Feb 23 16:58:04 2023
4095   430  4095  4095  4095  
   1   165    29  
1677151685 Thu Feb 23 16:58:04 2023
4095   434  4095  4095  4095  
   1   149    29  
1677151685 Thu Feb 23 16:58:05 2023
4095   424  4095  4095  4095  
   1   166    29  
1677151685 Thu Feb 23 16:58:05 2023
4095   430  4095  4095  4095  
   1   178    29  
1677151686 Thu Feb 23 16:58:06 2023
4095   419  4095  4095  4095  
   1   244    29  
1677151688 Thu Feb 23 16:58:07 2023
4095   427  4095  4095  4095  
   1   162    29  
1677151688 Thu Feb 23 16:58:08 2023
4095   445  4095  4095  4095  
   1   105    29  
1677151689 Thu Feb 23 16:58:08 2023
4095   459  4095  4095  4095  
   1   130    29  
1677151689 Thu Feb 23 16:58:09 2023
4095   453  4095  4095  4095  
   1   110    29  
1677151690 Thu Feb 23 16:58:10 2023
4095   457  4095  4095  4095  
   1   146    29  
1677151690 Thu Feb 23 16:58:10 2023
4095   427  4095  4095  4095  
   1   318    29  
1677151691 Thu Feb 23 16:58:10 2023
4095   427  4095  4095  4095  
   1   216    29  
1677151691 Thu Feb 23 16:58:11 2023
4095   434  4095  4095  4095  
   1   227    29  
1677151692 Thu Feb 23 16:58:12 2023
4095   430  4095  4095  4095  
   1   158    29  
1677151694 Thu Feb 23 16:58:14 2023
4095   441  4095  4095  4095  
   1   196    29  
1677151696 Thu Feb 23 16:58:15 2023
4095   435  4095  4095  4095  
   1   179    29  
1677151698 Thu Feb 23 16:58:18 2023
4095   432  4095  4095  4095  
   1   202    29  
1677151699 Thu Feb 23 16:58:18 2023
4095   418  4095  4095  4095  
   1   232    29  
1677151699 Thu Feb 23 16:58:19 2023
4095   425  4095  4095  4095  
   1   238    29  
1677151700 Thu Feb 23 16:58:19 2023
4095   421  4095  4095  4095  
   1   133    29  
1677151701 Thu Feb 23 16:58:20 2023
4095   438  4095  4095  4095  
   1   199    29  
1677151701 Thu Feb 23 16:58:21 2023
4095   433  4095  4095  4095  
   1   160    29  
1677151701 Thu Feb 23 16:58:21 2023
4095   433  4095  4095  4095  
   1   299    29  
1677151701 Thu Feb 23 16:58:21 2023
4095   443  4095  4095  4095  
   1   136    29  
1677151702 Thu Feb 23 16:58:22 2023
4095   429  4095  4095  4095  
   1   313    29  
1677151702 Thu Feb 23 16:58:22 2023
4095   439  4095  4095  4095  
   1   114    29  
1677151703 Thu Feb 23 16:58:23 2023
4095   433  4095  4095  4095  
   1   185    29  
1677151703 Thu Feb 23 16:58:23 2023
4095   443  4095  4095  4095  
   1   138    29  
1677151704 Thu Feb 23 16:58:24 2023
4095   440  4095  4095  4095  
   1   172    29  
1677151704 Thu Feb 23 16:58:24 2023
4095   429  4095  4095  4095  
   1   114    29  
1677151705 Thu Feb 23 16:58:24 2023
4095   437  4095  4095  4095  
   1   177    29  
1677151705 Thu Feb 23 16:58:25 2023
4095   439  4095  4095  4095  
   1   129    29  
1677151706 Thu Feb 23 16:58:25 2023
4095   434  4095  4095  4095  
   1   149    29  
1677151706 Thu Feb 23 16:58:26 2023
4095   435  4095  4095  4095  
   1   177    29  
1677151707 Thu Feb 23 16:58:26 2023
4095  4095  4095  4095  4095  
   1    44    29  
1677151707 Thu Feb 23 16:58:27 2023
4095   437  4095  4095  4095  
   1   155    29  
1677151708 Thu Feb 23 16:58:27 2023
4095   440  4095  4095  4095  
   1   162    29  
1677151708 Thu Feb 23 16:58:28 2023
4095   452  4095  4095  4095  
   1   190    29  
1677151709 Thu Feb 23 16:58:29 2023
4095   425  4095  4095  4095  
   1   150    29  
1677151709 Thu Feb 23 16:58:29 2023
4095   421  4095  4095  4095  
   1   177    29  
1677151710 Thu Feb 23 16:58:29 2023
4095   435  4095  4095  4095  
   1   152    29  
1677151710 Thu Feb 23 16:58:30 2023
4095   430  4095  4095  4095  
   1   166    29  
1677151711 Thu Feb 23 16:58:30 2023
4095   432  4095  4095  4095  
   1   194    29  
1677151711 Thu Feb 23 16:58:31 2023
4095   417  4095  4095  4095  
   1   137    29  
1677151712 Thu Feb 23 16:58:32 2023
4095   408  4095  4095  4095  
   1   206    29  
1677151713 Thu Feb 23 16:58:32 2023
4095   498  4095  4095  4095  
   1    93    29  
1677151713 Thu Feb 23 16:58:33 2023
4095   438  4095  4095  4095  
   1   181    29  
1677151714 Thu Feb 23 16:58:34 2023
4095   441  4095  4095  4095  
   1   192    29  
1677151714 Thu Feb 23 16:58:34 2023
4095   423  4095  4095  4095  
   1   160    29  
1677151714 Thu Feb 23 16:58:34 2023
4095   443  4095  4095  4095  
   1   183    29  
1677151715 Thu Feb 23 16:58:35 2023
4095   432  4095  4095  4095  
   1   130    29  
1677151716 Thu Feb 23 16:58:35 2023
4095   439  4095  4095  4095  
   1   206    29  
1677151716 Thu Feb 23 16:58:36 2023
4095   426  4095  4095  4095  
   1   255    29  
1677151717 Thu Feb 23 16:58:37 2023
4095   438  4095  4095  4095  
   1   110    29  
1677151717 Thu Feb 23 16:58:37 2023
4095   432  4095  4095  4095  
   1   177    29  
1677151717 Thu Feb 23 16:58:37 2023
4095   430  4095  4095  4095  
   1   137    29  
1677151718 Thu Feb 23 16:58:37 2023
4095   441  4095  4095  4095  
   1   113    29  
1677151719 Thu Feb 23 16:58:38 2023
4095   431  4095  4095  4095  
   1   129    29  
1677151719 Thu Feb 23 16:58:39 2023
4095   423  4095  4095  4095  
   1   170    29  
1677151720 Thu Feb 23 16:58:40 2023
4095   436  4095  4095  4095  
   1   395    29  
1677151721 Thu Feb 23 16:58:41 2023
4095   433  4095  4095  4095  
   1   211    29  
1677151722 Thu Feb 23 16:58:41 2023
4095   446  4095  4095  4095  
   1   258    29  
1677151722 Thu Feb 23 16:58:42 2023
4095   435  4095  4095  4095  
   1   117    29  
1677151722 Thu Feb 23 16:58:42 2023
4095   436  4095  4095  4095  
   1   141    29  
1677151725 Thu Feb 23 16:58:45 2023
4095   419  4095  4095  4095  
   1   286    29  
1677151725 Thu Feb 23 16:58:45 2023
4095   411  4095  4095  4095  
   1   206    29  
1677151725 Thu Feb 23 16:58:45 2023
4095   421  4095  4095  4095  
   1   168    29  
1677151726 Thu Feb 23 16:58:45 2023
4095   436  4095  4095  4095  
   1   134    29  
1677151727 Thu Feb 23 16:58:47 2023
4095   431  4095  4095  4095  
   1   164    29  
1677151727 Thu Feb 23 16:58:47 2023
4095   418  4095  4095  4095  
   1   154    29  
1677151729 Thu Feb 23 16:58:49 2023
4095   423  4095  4095  4095  
   1   432    29  
1677151729 Thu Feb 23 16:58:49 2023
4095   416  4095  4095  4095  
   1   132    29  
1677151730 Thu Feb 23 16:58:49 2023
4095   435  4095  4095  4095  
   1   176    29  
1677151730 Thu Feb 23 16:58:50 2023
4095   453  4095  4095  4095  
   1   191    29  
1677151731 Thu Feb 23 16:58:51 2023
4095   428  4095  4095  4095  
   1   280    29  
1677151731 Thu Feb 23 16:58:51 2023
4095   408  4095  4095  4095  
   1   265    29  
1677151731 Thu Feb 23 16:58:51 2023
4095   431  4095  4095  4095  
   1   212    29  
1677151732 Thu Feb 23 16:58:52 2023
4095   447  4095  4095  4095  
   1   140    29  
1677151732 Thu Feb 23 16:58:52 2023
4095   435  4095  4095  4095  
   1   121    29  
1677151732 Thu Feb 23 16:58:52 2023
4095   440  4095  4095  4095  
   1   133    29  
1677151734 Thu Feb 23 16:58:53 2023
4095   416  4095  4095  4095  
   1   120    29  
1677151734 Thu Feb 23 16:58:54 2023
4095   425  4095  4095  4095  
   1   210    29  
1677151735 Thu Feb 23 16:58:55 2023
4095   428  4095  4095  4095  
   1   158    29  
1677151737 Thu Feb 23 16:58:56 2023
4095   430  4095  4095  4095  
   1   111    29  
1677151738 Thu Feb 23 16:58:58 2023
4095   430  4095  4095  4095  
   1    95    29  
1677151739 Thu Feb 23 16:58:58 2023
4095   424  4095  4095  4095  
   1   138    29  
1677151739 Thu Feb 23 16:58:59 2023
4095   418  4095  4095  4095  
   1   197    29  
1677151741 Thu Feb 23 16:59:00 2023
4095   413  4095  4095  4095  
   1   135    29  
1677151741 Thu Feb 23 16:59:01 2023
4095   431  4095  4095  4095  
   1   144    29  
1677151741 Thu Feb 23 16:59:01 2023
4095   424  4095  4095  4095  
   1   279    29  
1677151742 Thu Feb 23 16:59:01 2023
4095   445  4095  4095  4095  
   1   111    29  
1677151743 Thu Feb 23 16:59:02 2023
4095   438  4095  4095  4095  
   1   159    29  
1677151743 Thu Feb 23 16:59:03 2023
4095   440  4095  4095  4095  
   1   189    29  
1677151743 Thu Feb 23 16:59:03 2023
4095   428  4095  4095  4095  
   1   138    29  
1677151744 Thu Feb 23 16:59:03 2023
4095   428  4095  4095  4095  
   1   154    29  
1677151744 Thu Feb 23 16:59:04 2023
4095   430  4095  4095  4095  
   1   135    29  
1677151744 Thu Feb 23 16:59:04 2023
4095   448  4095  4095  4095  
   1   169    29  
1677151745 Thu Feb 23 16:59:04 2023
4095   412  4095  4095  4095  
   1   196    29  
1677151746 Thu Feb 23 16:59:05 2023
4095   430  4095  4095  4095  
   1   146    29  
1677151746 Thu Feb 23 16:59:06 2023
4095   427  4095  4095  4095  
   1   236    29  
1677151747 Thu Feb 23 16:59:07 2023
4095   434  4095  4095  4095  
   1   136    29  
1677151747 Thu Feb 23 16:59:07 2023
4095   441  4095  4095  4095  
   1   105    29  
1677151748 Thu Feb 23 16:59:07 2023
4095   427  4095  4095  4095  
   1   298    29  
1677151748 Thu Feb 23 16:59:08 2023
4095   429  4095  4095  4095  
   1   220    29  
1677151749 Thu Feb 23 16:59:08 2023
4095   433  4095  4095  4095  
   1   111    29  
1677151749 Thu Feb 23 16:59:09 2023
4095   436  4095  4095  4095  
   1    96    29  
1677151749 Thu Feb 23 16:59:09 2023
4095   436  4095  4095  4095  
   1   127    29  
1677151749 Thu Feb 23 16:59:09 2023
4095   434  4095  4095  4095  
   1   133    29  
1677151751 Thu Feb 23 16:59:11 2023
4095   417  4095  4095  4095  
   1   247    29  
1677151751 Thu Feb 23 16:59:11 2023
4095   436  4095  4095  4095  
   1   368    29  
1677151752 Thu Feb 23 16:59:11 2023
4095   444  4095  4095  4095  
   1   167    29  
1677151752 Thu Feb 23 16:59:12 2023
4095   433  4095  4095  4095  
   1   165    29  
1677151753 Thu Feb 23 16:59:13 2023
4095   434  4095  4095  4095  
   1   187    29  
1677151754 Thu Feb 23 16:59:14 2023
4095   441  4095  4095  4095  
   1   156    29  
1677151755 Thu Feb 23 16:59:14 2023
4095   442  4095  4095  4095  
   1   120    29  
1677151755 Thu Feb 23 16:59:15 2023
4095   389  4095  4095  4095  
   1   161    29  
1677151755 Thu Feb 23 16:59:15 2023
4095   434  4095  4095  4095  
   1   189    29  
1677151756 Thu Feb 23 16:59:16 2023
4095   449  4095  4095  4095  
   1   146    29  
1677151757 Thu Feb 23 16:59:17 2023
4095   428  4095  4095  4095  
   1   153    29  
1677151757 Thu Feb 23 16:59:17 2023
4095   431  4095  4095  4095  
   1   202    29  
1677151758 Thu Feb 23 16:59:18 2023
4095   470  4095  4095  4095  
   1   142    29  
1677151760 Thu Feb 23 16:59:20 2023
4095   432  4095  4095  4095  
   1   117    29  
1677151760 Thu Feb 23 16:59:20 2023
4095   438  4095  4095  4095  
   1   137    29  
1677151760 Thu Feb 23 16:59:20 2023
4095   468  4095  4095  4095  
   1   148    29  
1677151760 Thu Feb 23 16:59:20 2023
4095   442  4095  4095  4095  
   1   260    29  
1677151761 Thu Feb 23 16:59:21 2023
4095   427  4095  4095  4095  
   1   225    29  
1677151762 Thu Feb 23 16:59:22 2023
4095   444  4095  4095  4095  
   1   123    29  
1677151763 Thu Feb 23 16:59:22 2023
4095   422  4095  4095  4095  
   1   188    29  
1677151763 Thu Feb 23 16:59:23 2023
4095   419  4095  4095  4095  
   1   129    29  
1677151764 Thu Feb 23 16:59:24 2023
4095   439  4095  4095  4095  
   1   168    29  
1677151764 Thu Feb 23 16:59:24 2023
4095   431  4095  4095  4095  
   1   152    29  
1677151765 Thu Feb 23 16:59:24 2023
4095  4095  4095  4095  4095  
   1    43    29  
1677151765 Thu Feb 23 16:59:25 2023
4095   433  4095  4095  4095  
   1   268    29  
1677151766 Thu Feb 23 16:59:26 2023
4095   432  4095  4095  4095  
   1   173    29  
1677151767 Thu Feb 23 16:59:26 2023
4095   425  4095  4095  4095  
   1   129    29  
1677151767 Thu Feb 23 16:59:27 2023
4095   427  4095  4095  4095  
   1   165    29  
1677151768 Thu Feb 23 16:59:28 2023
4095   432  4095  4095  4095  
   1   174    29  
1677151769 Thu Feb 23 16:59:28 2023
4095   423  4095  4095  4095  
   1   141    29  
1677151769 Thu Feb 23 16:59:29 2023
4095   434  4095  4095  4095  
   1   201    29  
1677151769 Thu Feb 23 16:59:29 2023
4095   407  4095  4095  4095  
   1   555    29  
1677151770 Thu Feb 23 16:59:30 2023
4095   434  4095  4095  4095  
   1   183    29  
1677151770 Thu Feb 23 16:59:30 2023
4095   440  4095  4095  4095  
   1   157    29  
1677151770 Thu Feb 23 16:59:30 2023
4095   427  4095  4095  4095  
   1   366    29  
1677151771 Thu Feb 23 16:59:30 2023
4095   433  4095  4095  4095  
   1   166    29  
1677151771 Thu Feb 23 16:59:31 2023
4095   424  4095  4095  4095  
   1   183    29  
1677151772 Thu Feb 23 16:59:32 2023
4095   444  4095  4095  4095  
   1   137    29  
1677151773 Thu Feb 23 16:59:32 2023
4095   415  4095  4095  4095  
   1   344    29  
1677151773 Thu Feb 23 16:59:33 2023
4095   428  4095  4095  4095  
   1   165    29  
1677151774 Thu Feb 23 16:59:33 2023
4095   442  4095  4095  4095  
   1   174    29  
1677151775 Thu Feb 23 16:59:35 2023
4095   430  4095  4095  4095  
   1   210    29  
1677151775 Thu Feb 23 16:59:35 2023
4095   434  4095  4095  4095  
   1   130    29  
1677151776 Thu Feb 23 16:59:35 2023
4095   427  4095  4095  4095  
   1   209    29  
1677151776 Thu Feb 23 16:59:36 2023
4095   431  4095  4095  4095  
   1   166    29  
1677151777 Thu Feb 23 16:59:37 2023
4095   438  4095  4095  4095  
   1   229    29  
1677151778 Thu Feb 23 16:59:38 2023
4095   454  4095  4095  4095  
   1   163    29  
1677151778 Thu Feb 23 16:59:38 2023
4095   436  4095  4095  4095  
   1   221    29  
1677151780 Thu Feb 23 16:59:39 2023
4095   410  4095  4095  4095  
   1   168    29  
1677151780 Thu Feb 23 16:59:40 2023
4095   460  4095  4095  4095  
   1   130    29  
1677151780 Thu Feb 23 16:59:40 2023
4095   427  4095  4095  4095  
   1   209    29  
1677151781 Thu Feb 23 16:59:40 2023
4095   451  4095  4095  4095  
   1   126    29  
1677151781 Thu Feb 23 16:59:41 2023
4095   430  4095  4095  4095  
   1   107    29  
1677151781 Thu Feb 23 16:59:41 2023
4095   416  4095  4095  4095  
   1   163    29  
1677151782 Thu Feb 23 16:59:42 2023
4095   409  4095  4095  4095  
   1   206    29  
1677151783 Thu Feb 23 16:59:43 2023
4095   425  4095  4095  4095  
   1   152    29  
1677151784 Thu Feb 23 16:59:43 2023
4095   443  4095  4095  4095  
   1   134    29  
1677151784 Thu Feb 23 16:59:44 2023
4095   440  4095  4095  4095  
   1   120    29  
1677151784 Thu Feb 23 16:59:44 2023
4095   397  4095  4095  4095  
   1   152    29  
1677151785 Thu Feb 23 16:59:45 2023
4095   441  4095  4095  4095  
   1   126    29  
1677151785 Thu Feb 23 16:59:45 2023
4095   494  4095  4095  4095  
   1    87    29  
1677151786 Thu Feb 23 16:59:45 2023
4095   436  4095  4095  4095  
   1   188    29  
1677151787 Thu Feb 23 16:59:46 2023
4095   464  4095  4095  4095  
   1   125    29  
1677151787 Thu Feb 23 16:59:47 2023
4095   443  4095  4095  4095  
   1   113    29  
1677151787 Thu Feb 23 16:59:47 2023
4095   413  4095  4095  4095  
   1   171    29  
1677151789 Thu Feb 23 16:59:49 2023
4095   443  4095  4095  4095  
   1   151    29  
1677151789 Thu Feb 23 16:59:49 2023
4095   425  4095  4095  4095  
   1   200    29  
1677151790 Thu Feb 23 16:59:50 2023
4095   439  4095  4095  4095  
   1   156    29  
1677151791 Thu Feb 23 16:59:50 2023
4095   458  4095  4095  4095  
   1    90    29  
1677151792 Thu Feb 23 16:59:51 2023
4095   430  4095  4095  4095  
   1   189    29  
1677151792 Thu Feb 23 16:59:52 2023
4095   435  4095  4095  4095  
   1   144    29  
1677151793 Thu Feb 23 16:59:53 2023
4095   430  4095  4095  4095  
   1   199    29  
1677151794 Thu Feb 23 16:59:54 2023
4095   432  4095  4095  4095  
   1   181    29  
1677151795 Thu Feb 23 16:59:54 2023
4095   419  4095  4095  4095  
   1   170    29  
1677151795 Thu Feb 23 16:59:55 2023
4095   435  4095  4095  4095  
   1   159    29  
1677151796 Thu Feb 23 16:59:56 2023
4095   434  4095  4095  4095  
   1   143    29  
1677151797 Thu Feb 23 16:59:56 2023
4095   432  4095  4095  4095  
   1   284    29  
1677151797 Thu Feb 23 16:59:57 2023
4095   443  4095  4095  4095  
   1   140    29  
1677151798 Thu Feb 23 16:59:58 2023
4095   434  4095  4095  4095  
   1   149    29  
1677151799 Thu Feb 23 16:59:58 2023
4095   428  4095  4095  4095  
   1   175    29  
1677151799 Thu Feb 23 16:59:59 2023
4095   434  4095  4095  4095  
   1   168    29  
1677151800 Thu Feb 23 17:00:00 2023
4095   431  4095  4095  4095  
   1   231    29  
1677151800 Thu Feb 23 17:00:00 2023
4095   436  4095  4095  4095  
   1   100    29  
1677151801 Thu Feb 23 17:00:01 2023
4095   440  4095  4095  4095  
   1   179    29  
1677151801 Thu Feb 23 17:00:01 2023
4095   420  4095  4095  4095  
   1   160    29  
1677151802 Thu Feb 23 17:00:02 2023
4095   423  4095  4095  4095  
   1   189    29  
1677151803 Thu Feb 23 17:00:02 2023
4095   432  4095  4095  4095  
   1   142    29  
1677151804 Thu Feb 23 17:00:03 2023
4095   444  4095  4095  4095  
   1   105    29  
1677151805 Thu Feb 23 17:00:04 2023
4095   442  4095  4095  4095  
   1   110    29  
1677151805 Thu Feb 23 17:00:05 2023
4095   433  4095  4095  4095  
   1   223    29  
1677151806 Thu Feb 23 17:00:06 2023
4095   444  4095  4095  4095  
   1   173    29  
1677151806 Thu Feb 23 17:00:06 2023
4095   418  4095  4095  4095  
   1   156    29  
1677151807 Thu Feb 23 17:00:06 2023
4095   419  4095  4095  4095  
   1   284    29  
1677151807 Thu Feb 23 17:00:07 2023
4095   445  4095  4095  4095  
   1   145    29  
1677151807 Thu Feb 23 17:00:07 2023
4095   428  4095  4095  4095  
   1   144    29  
1677151808 Thu Feb 23 17:00:07 2023
4095   421  4095  4095  4095  
   1   165    29  
1677151809 Thu Feb 23 17:00:08 2023
4095   432  4095  4095  4095  
   1   148    29  
1677151809 Thu Feb 23 17:00:09 2023
4095  4095  4095  4095  4095  
   1    96    29  
1677151810 Thu Feb 23 17:00:09 2023
4095   413  4095  4095  4095  
   1   301    29  
1677151810 Thu Feb 23 17:00:10 2023
4095   413  4095  4095  4095  
   1   215    29  
1677151810 Thu Feb 23 17:00:10 2023
4095   392  4095  4095  4095  
   1   424    29  
1677151811 Thu Feb 23 17:00:11 2023
4095   435  4095  4095  4095  
   1   182    29  
1677151811 Thu Feb 23 17:00:11 2023
4095   397  4095  4095  4095  
   1   222    29  
1677151812 Thu Feb 23 17:00:11 2023
4095   423  4095  4095  4095  
   1   188    29  
1677151812 Thu Feb 23 17:00:12 2023
4095   444  4095  4095  4095  
   1   123    29  
1677151813 Thu Feb 23 17:00:13 2023
4095   440  4095  4095  4095  
   1   188    29  
1677151813 Thu Feb 23 17:00:13 2023
4095   434  4095  4095  4095  
   1   209    29  
1677151813 Thu Feb 23 17:00:13 2023
4095   476  4095  4095  4095  
   1   137    29  
1677151814 Thu Feb 23 17:00:13 2023
4095   429  4095  4095  4095  
   1   146    29  
1677151815 Thu Feb 23 17:00:14 2023
4095   433  4095  4095  4095  
   1   124    29  
1677151816 Thu Feb 23 17:00:16 2023
4095   454  4095  4095  4095  
   1   106    29  
1677151817 Thu Feb 23 17:00:17 2023
4095   427  4095  4095  4095  
   1   176    29  
1677151818 Thu Feb 23 17:00:18 2023
4095   497  4095  4095  4095  
   1   115    29  
1677151818 Thu Feb 23 17:00:18 2023
4095   425  4095  4095  4095  
   1   155    29  
1677151819 Thu Feb 23 17:00:19 2023
4095   439  4095  4095  4095  
   1   138    29  
1677151819 Thu Feb 23 17:00:19 2023
4095   420  4095  4095  4095  
   1   151    29  
1677151820 Thu Feb 23 17:00:19 2023
4095   444  4095  4095  4095  
   1   139    29  
1677151820 Thu Feb 23 17:00:20 2023
4095   438  4095  4095  4095  
   1   103    29  
1677151820 Thu Feb 23 17:00:20 2023
4095   434  4095  4095  4095  
   1   158    29  
1677151822 Thu Feb 23 17:00:22 2023
4095   429  4095  4095  4095  
   1   151    29  
1677151823 Thu Feb 23 17:00:22 2023
4095   436  4095  4095  4095  
   1   158    29  
1677151823 Thu Feb 23 17:00:23 2023
4095   437  4095  4095  4095  
   1   187    29  
1677151825 Thu Feb 23 17:00:25 2023
4095   441  4095  4095  4095  
   1   171    29  
1677151825 Thu Feb 23 17:00:25 2023
4095   423  4095  4095  4095  
   1   143    29  
1677151826 Thu Feb 23 17:00:26 2023
4095   436  4095  4095  4095  
   1   179    29  
1677151826 Thu Feb 23 17:00:26 2023
4095   435  4095  4095  4095  
   1   161    29  
1677151827 Thu Feb 23 17:00:27 2023
4095   441  4095  4095  4095  
   1   166    29  
1677151828 Thu Feb 23 17:00:27 2023
4095   440  4095  4095  4095  
   1   105    29  
1677151828 Thu Feb 23 17:00:28 2023
4095   429  4095  4095  4095  
   1   182    29  
1677151829 Thu Feb 23 17:00:28 2023
4095   438  4095  4095  4095  
   1   145    29  
1677151829 Thu Feb 23 17:00:29 2023
4095   433  4095  4095  4095  
   1   240    29  
1677151829 Thu Feb 23 17:00:29 2023
4095   439  4095  4095  4095  
   1   126    29  
1677151830 Thu Feb 23 17:00:30 2023
4095   407  4095  4095  4095  
   1   224    29  
1677151831 Thu Feb 23 17:00:31 2023
4095   421  4095  4095  4095  
   1   165    29  
1677151832 Thu Feb 23 17:00:32 2023
4095   425  4095  4095  4095  
   1   177    29  
1677151832 Thu Feb 23 17:00:32 2023
4095   438  4095  4095  4095  
   1   126    29  
1677151833 Thu Feb 23 17:00:32 2023
4095   429  4095  4095  4095  
   1   101    29  
1677151833 Thu Feb 23 17:00:33 2023
4095   437  4095  4095  4095  
   1   170    29  
1677151834 Thu Feb 23 17:00:33 2023
4095   427  4095  4095  4095  
   1   143    29  
1677151834 Thu Feb 23 17:00:34 2023
4095   411  4095  4095  4095  
   1   189    29  
1677151835 Thu Feb 23 17:00:35 2023
4095   453  4095  4095  4095  
   1   128    29  
1677151836 Thu Feb 23 17:00:36 2023
4095   475  4095  4095  4095  
   1   119    29  
1677151836 Thu Feb 23 17:00:36 2023
4095   418  4095  4095  4095  
   1   146    29  
1677151837 Thu Feb 23 17:00:36 2023
4095   443  4095  4095  4095  
   1   171    29  
1677151838 Thu Feb 23 17:00:38 2023
4095   438  4095  4095  4095  
   1   184    29  
1677151838 Thu Feb 23 17:00:38 2023
4095   443  4095  4095  4095  
   1   120    29  
1677151839 Thu Feb 23 17:00:38 2023
4095   424  4095  4095  4095  
   1   187    29  
1677151839 Thu Feb 23 17:00:39 2023
4095   406  4095  4095  4095  
   1   213    29  
1677151839 Thu Feb 23 17:00:39 2023
4095   417  4095  4095  4095  
   1   426    29  
1677151841 Thu Feb 23 17:00:41 2023
4095   440  4095  4095  4095  
   1   120    29  
1677151841 Thu Feb 23 17:00:41 2023
4095   411  4095  4095  4095  
   1   250    29  
1677151842 Thu Feb 23 17:00:41 2023
4095   429  4095  4095  4095  
   1   164    29  
1677151842 Thu Feb 23 17:00:42 2023
4095   436  4095  4095  4095  
   1   125    29  
1677151843 Thu Feb 23 17:00:43 2023
4095   450  4095  4095  4095  
   1    98    29  
1677151843 Thu Feb 23 17:00:43 2023
4095   438  4095  4095  4095  
   1   165    29  
1677151844 Thu Feb 23 17:00:43 2023
4095   421  4095  4095  4095  
   1   200    29  
1677151844 Thu Feb 23 17:00:44 2023
4095   432  4095  4095  4095  
   1   271    29  
1677151845 Thu Feb 23 17:00:45 2023
4095   442  4095  4095  4095  
   1   100    29  
1677151845 Thu Feb 23 17:00:45 2023
4095   429  4095  4095  4095  
   1   282    29  
1677151846 Thu Feb 23 17:00:45 2023
4095   436  4095  4095  4095  
   1   177    29  
1677151846 Thu Feb 23 17:00:46 2023
4095   437  4095  4095  4095  
   1   142    29  
1677151846 Thu Feb 23 17:00:46 2023
4095   422  4095  4095  4095  
   1   169    29  
1677151847 Thu Feb 23 17:00:47 2023
4095   433  4095  4095  4095  
   1   348    29  
1677151848 Thu Feb 23 17:00:48 2023
4095   431  4095  4095  4095  
   1   158    29  
1677151850 Thu Feb 23 17:00:49 2023
4095   422  4095  4095  4095  
   1   242    29  
1677151851 Thu Feb 23 17:00:50 2023
4095   426  4095  4095  4095  
   1   187    29  
1677151852 Thu Feb 23 17:00:51 2023
4095   431  4095  4095  4095  
   1   144    29  
1677151852 Thu Feb 23 17:00:52 2023
4095   445  4095  4095  4095  
   1   165    29  
1677151852 Thu Feb 23 17:00:52 2023
4095   422  4095  4095  4095  
   1   178    29  
1677151853 Thu Feb 23 17:00:52 2023
4095   425  4095  4095  4095  
   1   211    29  
1677151853 Thu Feb 23 17:00:53 2023
4095   438  4095  4095  4095  
   1   192    29  
1677151854 Thu Feb 23 17:00:53 2023
4095   439  4095  4095  4095  
   1   117    29  
1677151854 Thu Feb 23 17:00:54 2023
4095   437  4095  4095  4095  
   1   121    29  
1677151854 Thu Feb 23 17:00:54 2023
4095   452  4095  4095  4095  
   1   137    29  
1677151855 Thu Feb 23 17:00:55 2023
4095   427  4095  4095  4095  
   1   110    29  
1677151855 Thu Feb 23 17:00:55 2023
4095   434  4095  4095  4095  
   1   270    29  
1677151856 Thu Feb 23 17:00:55 2023
4095   436  4095  4095  4095  
   1   145    29  
1677151856 Thu Feb 23 17:00:56 2023
4095   441  4095  4095  4095  
   1   195    29  
1677151857 Thu Feb 23 17:00:57 2023
4095   426  4095  4095  4095  
   1   285    29  
1677151857 Thu Feb 23 17:00:57 2023
4095   423  4095  4095  4095  
   1   276    29  
1677151858 Thu Feb 23 17:00:57 2023
4095   433  4095  4095  4095  
   1   195    29  
1677151859 Thu Feb 23 17:00:58 2023
4095   440  4095  4095  4095  
   1   139    29  
1677151859 Thu Feb 23 17:00:59 2023
4095   473  4095  4095  4095  
   1    98    29  
1677151860 Thu Feb 23 17:01:00 2023
4095   337  4095  4095  4095  
   1   197    29  
1677151860 Thu Feb 23 17:01:00 2023
4095   443  4095  4095  4095  
   1   153    29  
1677151860 Thu Feb 23 17:01:00 2023
4095   430  4095  4095  4095  
   1   132    29  
1677151861 Thu Feb 23 17:01:01 2023
4095   417  4095  4095  4095  
   1   157    29  
1677151861 Thu Feb 23 17:01:01 2023
4095   442  4095  4095  4095  
   1   182    29  
1677151862 Thu Feb 23 17:01:02 2023
4095   432  4095  4095  4095  
   1   122    29  
1677151862 Thu Feb 23 17:01:02 2023
4095   432  4095  4095  4095  
   1   172    29  
1677151863 Thu Feb 23 17:01:03 2023
4095   429  4095  4095  4095  
   1   183    29  
1677151864 Thu Feb 23 17:01:03 2023
4095   401  4095  4095  4095  
   1   274    29  
1677151864 Thu Feb 23 17:01:04 2023
4095  4095  4095  4095  4095  
   1    46    29  
1677151865 Thu Feb 23 17:01:05 2023
4095   417  4095  4095  4095  
   1   171    29  
1677151866 Thu Feb 23 17:01:06 2023
4095   426  4095  4095  4095  
   1   107    29  
1677151866 Thu Feb 23 17:01:06 2023
4095   430  4095  4095  4095  
   1   265    29  
1677151867 Thu Feb 23 17:01:07 2023
4095   426  4095  4095  4095  
   1   152    29  
1677151867 Thu Feb 23 17:01:07 2023
4095   439  4095  4095  4095  
   1   140    29  
1677151868 Thu Feb 23 17:01:08 2023
4095   439  4095  4095  4095  
   1   137    29  
1677151868 Thu Feb 23 17:01:08 2023
4095   435  4095  4095  4095  
   1   175    29  
1677151869 Thu Feb 23 17:01:08 2023
4095   425  4095  4095  4095  
   1   406    29  
1677151869 Thu Feb 23 17:01:09 2023
4095   427  4095  4095  4095  
   1   161    29  
1677151870 Thu Feb 23 17:01:09 2023
4095   435  4095  4095  4095  
   1   202    29  
1677151870 Thu Feb 23 17:01:10 2023
4095   444  4095  4095  4095  
   1   126    29  
1677151871 Thu Feb 23 17:01:10 2023
4095   440  4095  4095  4095  
   1   204    29  
1677151871 Thu Feb 23 17:01:11 2023
4095   454  4095  4095  4095  
   1   125    29  
1677151872 Thu Feb 23 17:01:12 2023
4095   435  4095  4095  4095  
   1   180    29  
1677151873 Thu Feb 23 17:01:13 2023
4095   422  4095  4095  4095  
   1   208    29  
1677151873 Thu Feb 23 17:01:13 2023
4095   432  4095  4095  4095  
   1   239    29  
1677151873 Thu Feb 23 17:01:13 2023
4095   424  4095  4095  4095  
   1   214    29  
1677151874 Thu Feb 23 17:01:14 2023
4095   454  4095  4095  4095  
   1   129    29  
1677151874 Thu Feb 23 17:01:14 2023
4095   452  4095  4095  4095  
   1   110    29  
1677151875 Thu Feb 23 17:01:15 2023
4095   477  4095  4095  4095  
   1    89    29  
1677151876 Thu Feb 23 17:01:16 2023
4095   435  4095  4095  4095  
   1   143    29  
1677151877 Thu Feb 23 17:01:16 2023
4095   445  4095  4095  4095  
   1   115    29  
1677151877 Thu Feb 23 17:01:17 2023
4095   404  4095  4095  4095  
   1   186    29  
1677151877 Thu Feb 23 17:01:17 2023
4095   416  4095  4095  4095  
   1   277    29  
1677151879 Thu Feb 23 17:01:18 2023
4095   434  4095  4095  4095  
   1   152    29  
1677151879 Thu Feb 23 17:01:19 2023
4095   418  4095  4095  4095  
   1   183    29  
1677151879 Thu Feb 23 17:01:19 2023
4095   442  4095  4095  4095  
   1   142    29  
1677151880 Thu Feb 23 17:01:19 2023
4095   439  4095  4095  4095  
   1   177    29  
1677151880 Thu Feb 23 17:01:20 2023
4095   440  4095  4095  4095  
   1   183    29  
1677151881 Thu Feb 23 17:01:20 2023
4095   431  4095  4095  4095  
   1   170    29  
1677151881 Thu Feb 23 17:01:21 2023
4095   420  4095  4095  4095  
   1   211    29  
1677151881 Thu Feb 23 17:01:21 2023
4095   445  4095  4095  4095  
   1   101    29  
1677151882 Thu Feb 23 17:01:21 2023
4095   435  4095  4095  4095  
   1    93    29  
1677151882 Thu Feb 23 17:01:22 2023
4095   445  4095  4095  4095  
   1   104    29  
1677151882 Thu Feb 23 17:01:22 2023
4095   428  4095  4095  4095  
   1   189    29  
1677151883 Thu Feb 23 17:01:23 2023
4095   424  4095  4095  4095  
   1   146    29  
1677151884 Thu Feb 23 17:01:24 2023
4095   439  4095  4095  4095  
   1   152    29  
1677151885 Thu Feb 23 17:01:25 2023
4095   431  4095  4095  4095  
   1   104    29  
1677151886 Thu Feb 23 17:01:26 2023
4095   439  4095  4095  4095  
   1   116    29  
1677151887 Thu Feb 23 17:01:27 2023
4095   433  4095  4095  4095  
   1   284    29  
1677151888 Thu Feb 23 17:01:28 2023
4095   431  4095  4095  4095  
   1   239    29  
1677151888 Thu Feb 23 17:01:28 2023
4095   435  4095  4095  4095  
   1   180    29  
1677151888 Thu Feb 23 17:01:28 2023
4095   428  4095  4095  4095  
   1   141    29  
1677151889 Thu Feb 23 17:01:28 2023
4095   459  4095  4095  4095  
   1   106    29  
1677151889 Thu Feb 23 17:01:29 2023
4095   445  4095  4095  4095  
   1   125    29  
1677151889 Thu Feb 23 17:01:29 2023
4095   445  4095  4095  4095  
   1   179    29  
1677151890 Thu Feb 23 17:01:30 2023
4095   435  4095  4095  4095  
   1   200    29  
1677151890 Thu Feb 23 17:01:30 2023
4095   428  4095  4095  4095  
   1   201    29  
1677151891 Thu Feb 23 17:01:30 2023
4095   441  4095  4095  4095  
   1   183    29  
1677151891 Thu Feb 23 17:01:31 2023
4095   526  4095  4095  4095  
   1   101    29  
1677151891 Thu Feb 23 17:01:31 2023
4095   435  4095  4095  4095  
   1   151    29  
1677151892 Thu Feb 23 17:01:32 2023
4095   425  4095  4095  4095  
   1   243    29  
1677151892 Thu Feb 23 17:01:32 2023
4095   427  4095  4095  4095  
   1   171    29  
1677151894 Thu Feb 23 17:01:34 2023
4095   447  4095  4095  4095  
   1   145    29  
1677151894 Thu Feb 23 17:01:34 2023
4095   444  4095  4095  4095  
   1   133    29  
1677151894 Thu Feb 23 17:01:34 2023
4095   436  4095  4095  4095  
   1   136    29  
1677151895 Thu Feb 23 17:01:35 2023
4095   530  4095  4095  4095  
   1    91    29  
1677151895 Thu Feb 23 17:01:35 2023
4095   433  4095  4095  4095  
   1   215    29  
1677151897 Thu Feb 23 17:01:36 2023
4095   439  4095  4095  4095  
   1   160    29  
1677151897 Thu Feb 23 17:01:37 2023
4095   416  4095  4095  4095  
   1   289    29  
1677151899 Thu Feb 23 17:01:39 2023
4095   422  4095  4095  4095  
   1   193    29  
1677151899 Thu Feb 23 17:01:39 2023
4095   657  4095  4095  4095  
   1   109    29  
1677151900 Thu Feb 23 17:01:39 2023
4095   553  4095  4095  4095  
   1   114    29  
1677151900 Thu Feb 23 17:01:40 2023
4095   444  4095  4095  4095  
   1   129    29  
1677151902 Thu Feb 23 17:01:42 2023
4095   435  4095  4095  4095  
   1   178    29  
1677151903 Thu Feb 23 17:01:42 2023
4095   459  4095  4095  4095  
   1   121    29  
1677151903 Thu Feb 23 17:01:43 2023
4095   425  4095  4095  4095  
   1   160    29  
1677151904 Thu Feb 23 17:01:44 2023
4095   444  4095  4095  4095  
   1   128    29  
1677151904 Thu Feb 23 17:01:44 2023
4095   432  4095  4095  4095  
   1   166    29  
1677151905 Thu Feb 23 17:01:44 2023
4095   439  4095  4095  4095  
   1   140    29  
1677151906 Thu Feb 23 17:01:46 2023
4095   436  4095  4095  4095  
   1   133    29  
1677151907 Thu Feb 23 17:01:47 2023
4095   419  4095  4095  4095  
   1   260    29  
1677151908 Thu Feb 23 17:01:48 2023
4095   378  4095  4095  4095  
   1   473    29  
1677151909 Thu Feb 23 17:01:49 2023
4095   447  4095  4095  4095  
   1   118    29  
1677151910 Thu Feb 23 17:01:49 2023
4095   428  4095  4095  4095  
   1   163    29  
1677151911 Thu Feb 23 17:01:50 2023
4095   431  4095  4095  4095  
   1   161    29  
1677151911 Thu Feb 23 17:01:51 2023
4095   444  4095  4095  4095  
   1   139    29  
1677151912 Thu Feb 23 17:01:52 2023
4095   436  4095  4095  4095  
   1   184    29  
1677151913 Thu Feb 23 17:01:53 2023
4095   436  4095  4095  4095  
   1   118    29  
1677151914 Thu Feb 23 17:01:53 2023
4095   431  4095  4095  4095  
   1   145    29  
1677151914 Thu Feb 23 17:01:54 2023
4095   437  4095  4095  4095  
   1   135    29  
1677151915 Thu Feb 23 17:01:54 2023
4095   434  4095  4095  4095  
   1   178    29  
1677151915 Thu Feb 23 17:01:55 2023
4095   419  4095  4095  4095  
   1   238    29  
1677151916 Thu Feb 23 17:01:55 2023
4095   441  4095  4095  4095  
   1   160    29  
1677151916 Thu Feb 23 17:01:56 2023
4095   428  4095  4095  4095  
   1   141    29  
1677151916 Thu Feb 23 17:01:56 2023
4095   427  4095  4095  4095  
   1   266    29  
1677151917 Thu Feb 23 17:01:56 2023
4095   413  4095  4095  4095  
   1   192    29  
1677151917 Thu Feb 23 17:01:57 2023
4095  4095  4095  4095  4095  
   1    77    29  
1677151918 Thu Feb 23 17:01:58 2023
4095   440  4095  4095  4095  
   1   121    29  
1677151919 Thu Feb 23 17:01:59 2023
4095   431  4095  4095  4095  
   1   166    29  
1677151920 Thu Feb 23 17:01:59 2023
4095   435  4095  4095  4095  
   1   168    29  
1677151920 Thu Feb 23 17:02:00 2023
4095   439  4095  4095  4095  
   1   175    29  
1677151920 Thu Feb 23 17:02:00 2023
4095   432  4095  4095  4095  
   1   138    29  
1677151921 Thu Feb 23 17:02:01 2023
4095   411  4095  4095  4095  
   1   108    29  
1677151921 Thu Feb 23 17:02:01 2023
4095   449  4095  4095  4095  
   1   176    29  
1677151922 Thu Feb 23 17:02:02 2023
4095   421  4095  4095  4095  
   1   168    29  
1677151923 Thu Feb 23 17:02:03 2023
4095   409  4095  4095  4095  
   1   214    29  
1677151924 Thu Feb 23 17:02:03 2023
4095   416  4095  4095  4095  
   1    98    29  
1677151924 Thu Feb 23 17:02:04 2023
4095   429  4095  4095  4095  
   1   262    29  
1677151925 Thu Feb 23 17:02:05 2023
4095   427  4095  4095  4095  
   1   367    29  
1677151926 Thu Feb 23 17:02:06 2023
4095   444  4095  4095  4095  
   1   110    29  
1677151926 Thu Feb 23 17:02:06 2023
4095   430  4095  4095  4095  
   1   205    29  
1677151927 Thu Feb 23 17:02:06 2023
4095   424  4095  4095  4095  
   1   188    29  
1677151927 Thu Feb 23 17:02:07 2023
4095   421  4095  4095  4095  
   1   210    29  
1677151928 Thu Feb 23 17:02:07 2023
4095   453  4095  4095  4095  
   1   147    29  
1677151928 Thu Feb 23 17:02:08 2023
4095   434  4095  4095  4095  
   1   143    29  
1677151928 Thu Feb 23 17:02:08 2023
4095   437  4095  4095  4095  
   1   156    29  
1677151929 Thu Feb 23 17:02:09 2023
4095   434  4095  4095  4095  
   1   403    29  
1677151929 Thu Feb 23 17:02:09 2023
4095   431  4095  4095  4095  
   1   188    29  
1677151930 Thu Feb 23 17:02:10 2023
4095   424  4095  4095  4095  
   1   198    29  
1677151932 Thu Feb 23 17:02:12 2023
4095   450  4095  4095  4095  
   1    92    29  
1677151932 Thu Feb 23 17:02:12 2023
4095   442  4095  4095  4095  
   1   190    29  
1677151933 Thu Feb 23 17:02:12 2023
4095   441  4095  4095  4095  
   1   161    29  
1677151933 Thu Feb 23 17:02:13 2023
4095   439  4095  4095  4095  
   1   162    29  
1677151934 Thu Feb 23 17:02:14 2023
4095   415  4095  4095  4095  
   1   338    29  
1677151935 Thu Feb 23 17:02:14 2023
4095   398  4095  4095  4095  
   1   167    29  
1677151935 Thu Feb 23 17:02:15 2023
4095   440  4095  4095  4095  
   1   347    29  
1677151936 Thu Feb 23 17:02:15 2023
4095   434  4095  4095  4095  
   1   138    29  
1677151936 Thu Feb 23 17:02:16 2023
4095   447  4095  4095  4095  
   1   131    29  
1677151937 Thu Feb 23 17:02:17 2023
4095   427  4095  4095  4095  
   1   146    29  
1677151938 Thu Feb 23 17:02:18 2023
4095   454  4095  4095  4095  
   1   137    29  
1677151939 Thu Feb 23 17:02:19 2023
4095   410  4095  4095  4095  
   1   205    29  
1677151940 Thu Feb 23 17:02:19 2023
4095   449  4095  4095  4095  
   1   110    29  
1677151940 Thu Feb 23 17:02:20 2023
4095   426  4095  4095  4095  
   1   229    29  
1677151941 Thu Feb 23 17:02:20 2023
4095   420  4095  4095  4095  
   1   151    29  
1677151941 Thu Feb 23 17:02:21 2023
4095   416  4095  4095  4095  
   1   166    29  
1677151942 Thu Feb 23 17:02:21 2023
4095   421  4095  4095  4095  
   1   156    29  
1677151944 Thu Feb 23 17:02:24 2023
4095   427  4095  4095  4095  
   1   229    29  
1677151945 Thu Feb 23 17:02:24 2023
4095   424  4095  4095  4095  
   1   343    29  
1677151946 Thu Feb 23 17:02:25 2023
4095   432  4095  4095  4095  
   1   159    29  
1677151947 Thu Feb 23 17:02:26 2023
4095   447  4095  4095  4095  
   1   134    29  
1677151947 Thu Feb 23 17:02:27 2023
4095   418  4095  4095  4095  
   1   154    29  
1677151948 Thu Feb 23 17:02:28 2023
4095   419  4095  4095  4095  
   1   212    29  
1677151949 Thu Feb 23 17:02:28 2023
4095   437  4095  4095  4095  
   1   148    29  
1677151950 Thu Feb 23 17:02:30 2023
4095   397  4095  4095  4095  
   1   175    29  
1677151950 Thu Feb 23 17:02:30 2023
4095   443  4095  4095  4095  
   1   131    29  
1677151951 Thu Feb 23 17:02:30 2023
4095   442  4095  4095  4095  
   1   153    29  
1677151951 Thu Feb 23 17:02:31 2023
4095   430  4095  4095  4095  
   1   167    29  
1677151952 Thu Feb 23 17:02:32 2023
4095   427  4095  4095  4095  
   1   205    29  
1677151953 Thu Feb 23 17:02:33 2023
4095   439  4095  4095  4095  
   1   134    29  
1677151953 Thu Feb 23 17:02:33 2023
4095   455  4095  4095  4095  
   1   122    29  
1677151953 Thu Feb 23 17:02:33 2023
4095   431  4095  4095  4095  
   1   137    29  
1677151954 Thu Feb 23 17:02:33 2023
4095   433  4095  4095  4095  
   1   218    29  
1677151954 Thu Feb 23 17:02:34 2023
4095   431  4095  4095  4095  
   1   174    29  
1677151955 Thu Feb 23 17:02:35 2023
4095   433  4095  4095  4095  
   1   117    29  
1677151956 Thu Feb 23 17:02:36 2023
4095   447  4095  4095  4095  
   1   157    29  
1677151956 Thu Feb 23 17:02:36 2023
4095   420  4095  4095  4095  
   1   198    29  
1677151957 Thu Feb 23 17:02:37 2023
4095   466  4095  4095  4095  
   1   118    29  
1677151958 Thu Feb 23 17:02:37 2023
4095   424  4095  4095  4095  
   1   149    29  
1677151958 Thu Feb 23 17:02:38 2023
4095   423  4095  4095  4095  
   1   134    29  
1677151958 Thu Feb 23 17:02:38 2023
4095   435  4095  4095  4095  
   1   144    29  
1677151959 Thu Feb 23 17:02:39 2023
4095   422  4095  4095  4095  
   1   181    29  
1677151960 Thu Feb 23 17:02:39 2023
4095   433  4095  4095  4095  
   1   202    29  
1677151960 Thu Feb 23 17:02:40 2023
4095   439  4095  4095  4095  
   1   348    29  
1677151961 Thu Feb 23 17:02:41 2023
4095  4095  4095  4095  4095  
   1    45    29  
1677151962 Thu Feb 23 17:02:42 2023
4095   439  4095  4095  4095  
   1   146    29  
1677151962 Thu Feb 23 17:02:42 2023
4095   429  4095  4095  4095  
   1   136    29  
1677151963 Thu Feb 23 17:02:43 2023
4095   441  4095  4095  4095  
   1   128    29  
1677151963 Thu Feb 23 17:02:43 2023
4095   440  4095  4095  4095  
   1   127    29  
1677151963 Thu Feb 23 17:02:43 2023
4095   439  4095  4095  4095  
   1   187    29  
1677151964 Thu Feb 23 17:02:44 2023
4095   478  4095  4095  4095  
   1   113    29  
1677151965 Thu Feb 23 17:02:45 2023
4095   436  4095  4095  4095  
   1   123    29  
1677151965 Thu Feb 23 17:02:45 2023
4095   427  4095  4095  4095  
   1   123    29  
1677151966 Thu Feb 23 17:02:46 2023
4095   438  4095  4095  4095  
   1   173    29  
1677151966 Thu Feb 23 17:02:46 2023
4095   441  4095  4095  4095  
   1   137    29  
1677151967 Thu Feb 23 17:02:47 2023
4095   452  4095  4095  4095  
   1   128    29  
1677151968 Thu Feb 23 17:02:47 2023
4095   426  4095  4095  4095  
   1   171    29  
1677151968 Thu Feb 23 17:02:48 2023
4095   453  4095  4095  4095  
   1   104    29  
1677151968 Thu Feb 23 17:02:48 2023
4095   430  4095  4095  4095  
   1   137    29  
1677151969 Thu Feb 23 17:02:48 2023
4095   441  4095  4095  4095  
   1   104    29  
1677151969 Thu Feb 23 17:02:49 2023
4095   440  4095  4095  4095  
   1   156    29  
1677151970 Thu Feb 23 17:02:49 2023
4095   443  4095  4095  4095  
   1   187    29  
1677151971 Thu Feb 23 17:02:50 2023
4095   439  4095  4095  4095  
   1   140    29  
1677151971 Thu Feb 23 17:02:51 2023
4095   432  4095  4095  4095  
   1   146    29  
1677151972 Thu Feb 23 17:02:51 2023
4095   423  4095  4095  4095  
   1   107    29  
1677151972 Thu Feb 23 17:02:52 2023
4095   431  4095  4095  4095  
   1   168    29  
1677151973 Thu Feb 23 17:02:52 2023
4095   433  4095  4095  4095  
   1   244    29  
1677151973 Thu Feb 23 17:02:53 2023
4095   439  4095  4095  4095  
   1   185    29  
1677151973 Thu Feb 23 17:02:53 2023
4095   433  4095  4095  4095  
   1   171    29  
1677151973 Thu Feb 23 17:02:53 2023
4095   412  4095  4095  4095  
   1   156    29  
1677151974 Thu Feb 23 17:02:53 2023
4095   405  4095  4095  4095  
   1   177    29  
1677151974 Thu Feb 23 17:02:54 2023
4095   424  4095  4095  4095  
   1   194    29  
1677151975 Thu Feb 23 17:02:54 2023
4095   441  4095  4095  4095  
   1   148    29  
1677151975 Thu Feb 23 17:02:55 2023
4095   422  4095  4095  4095  
   1   148    29  
1677151975 Thu Feb 23 17:02:55 2023
4095   434  4095  4095  4095  
   1   148    29  
1677151976 Thu Feb 23 17:02:56 2023
4095   413  4095  4095  4095  
   1   148    29  
1677151977 Thu Feb 23 17:02:57 2023
4095   423  4095  4095  4095  
   1   255    29  
1677151978 Thu Feb 23 17:02:57 2023
4095   429  4095  4095  4095  
   1   184    29  
1677151979 Thu Feb 23 17:02:59 2023
4095   440  4095  4095  4095  
   1   148    29  
1677151980 Thu Feb 23 17:02:59 2023
4095   429  4095  4095  4095  
   1   149    29  
1677151981 Thu Feb 23 17:03:00 2023
4095   439  4095  4095  4095  
   1   189    29  
1677151981 Thu Feb 23 17:03:01 2023
4095   452  4095  4095  4095  
   1   113    29  
1677151983 Thu Feb 23 17:03:03 2023
4095   410  4095  4095  4095  
   1   145    29  
1677151984 Thu Feb 23 17:03:03 2023
4095   419  4095  4095  4095  
   1   132    29  
1677151984 Thu Feb 23 17:03:04 2023
4095   455  4095  4095  4095  
   1   121    29  
1677151985 Thu Feb 23 17:03:05 2023
4095   423  4095  4095  4095  
   1   537    29  
1677151986 Thu Feb 23 17:03:06 2023
4095   431  4095  4095  4095  
   1   245    29  
1677151989 Thu Feb 23 17:03:09 2023
4095   444  4095  4095  4095  
   1   128    29  
1677151990 Thu Feb 23 17:03:10 2023
4095   443  4095  4095  4095  
   1   146    29  
1677151991 Thu Feb 23 17:03:11 2023
4095   436  4095  4095  4095  
   1   192    29  
1677151992 Thu Feb 23 17:03:11 2023
4095   429  4095  4095  4095  
   1   204    29  
1677151992 Thu Feb 23 17:03:12 2023
4095   436  4095  4095  4095  
   1   159    29  
1677151992 Thu Feb 23 17:03:12 2023
4095   433  4095  4095  4095  
   1   263    29  
1677151993 Thu Feb 23 17:03:13 2023
4095   461  4095  4095  4095  
   1   124    29  
