1677150717 Thu Feb 23 16:41:56 2023
4095   407  4095  4095  4095  
   1   196    29  
1677150717 Thu Feb 23 16:41:57 2023
4095   445  4095  4095  4095  
   1   135    29  
1677150718 Thu Feb 23 16:41:57 2023
4095   445  4095  4095  4095  
   1   106    29  
1677150718 Thu Feb 23 16:41:58 2023
4095   434  4095  4095  4095  
   1   127    29  
1677150718 Thu Feb 23 16:41:58 2023
4095   444  4095  4095  4095  
   1    99    29  
1677150719 Thu Feb 23 16:41:58 2023
4095   430  4095  4095  4095  
   1   116    29  
1677150719 Thu Feb 23 16:41:59 2023
4095   438  4095  4095  4095  
   1   117    29  
1677150719 Thu Feb 23 16:41:59 2023
4095   441  4095  4095  4095  
   1   203    29  
1677150719 Thu Feb 23 16:41:59 2023
4095   462  4095  4095  4095  
   1   137    29  
1677150720 Thu Feb 23 16:42:00 2023
4095   431  4095  4095  4095  
   1   129    29  
1677150720 Thu Feb 23 16:42:00 2023
4095   477  4095  4095  4095  
   1    95    29  
1677150720 Thu Feb 23 16:42:00 2023
4095   450  4095  4095  4095  
   1   200    29  
1677150721 Thu Feb 23 16:42:01 2023
4095   434  4095  4095  4095  
   1   145    29  
1677150722 Thu Feb 23 16:42:01 2023
4095   454  4095  4095  4095  
   1   102    29  
1677150722 Thu Feb 23 16:42:02 2023
4095   434  4095  4095  4095  
   1   122    29  
1677150722 Thu Feb 23 16:42:02 2023
4095   439  4095  4095  4095  
   1   124    29  
1677150722 Thu Feb 23 16:42:02 2023
4095   437  4095  4095  4095  
   1   108    29  
1677150723 Thu Feb 23 16:42:02 2023
4095   430  4095  4095  4095  
   1   208    29  
1677150723 Thu Feb 23 16:42:03 2023
4095  4095  4095  4095  4095  
   1    70    29  
1677150723 Thu Feb 23 16:42:03 2023
4095   435  4095  4095  4095  
   1   141    29  
1677150723 Thu Feb 23 16:42:03 2023
4095   450  4095  4095  4095  
   1   149    29  
1677150724 Thu Feb 23 16:42:03 2023
4095   421  4095  4095  4095  
   1   130    29  
1677150724 Thu Feb 23 16:42:04 2023
4095   416  4095  4095  4095  
   1   104    29  
1677150725 Thu Feb 23 16:42:04 2023
4095   454  4095  4095  4095  
   1   117    29  
1677150726 Thu Feb 23 16:42:06 2023
4095   435  4095  4095  4095  
   1   143    29  
1677150726 Thu Feb 23 16:42:06 2023
4095   442  4095  4095  4095  
   1   106    29  
1677150727 Thu Feb 23 16:42:06 2023
4095   430  4095  4095  4095  
   1   173    29  
1677150727 Thu Feb 23 16:42:07 2023
4095   439  4095  4095  4095  
   1   201    29  
1677150727 Thu Feb 23 16:42:07 2023
4095   432  4095  4095  4095  
   1   193    29  
1677150727 Thu Feb 23 16:42:07 2023
4095   433  4095  4095  4095  
   1   145    29  
1677150728 Thu Feb 23 16:42:07 2023
4095   451  4095  4095  4095  
   1   102    29  
1677150728 Thu Feb 23 16:42:08 2023
4095   437  4095  4095  4095  
   1   126    29  
1677150728 Thu Feb 23 16:42:08 2023
4095   439  4095  4095  4095  
   1   149    29  
1677150729 Thu Feb 23 16:42:09 2023
4095   448  4095  4095  4095  
   1    95    29  
1677150729 Thu Feb 23 16:42:09 2023
4095   456  4095  4095  4095  
   1   108    29  
1677150730 Thu Feb 23 16:42:10 2023
4095   441  4095  4095  4095  
   1   141    29  
1677150730 Thu Feb 23 16:42:10 2023
4095   441  4095  4095  4095  
   1   108    29  
1677150730 Thu Feb 23 16:42:10 2023
4095   440  4095  4095  4095  
   1   132    29  
1677150732 Thu Feb 23 16:42:11 2023
4095   444  4095  4095  4095  
   1   140    29  
1677150732 Thu Feb 23 16:42:12 2023
4095   441  4095  4095  4095  
   1   115    29  
1677150733 Thu Feb 23 16:42:13 2023
4095   439  4095  4095  4095  
   1   113    29  
1677150733 Thu Feb 23 16:42:13 2023
4095   449  4095  4095  4095  
   1   128    29  
1677150733 Thu Feb 23 16:42:13 2023
4095   434  4095  4095  4095  
   1   191    29  
1677150734 Thu Feb 23 16:42:13 2023
4095   433  4095  4095  4095  
   1   220    29  
1677150734 Thu Feb 23 16:42:14 2023
4095   447  4095  4095  4095  
   1   101    29  
1677150734 Thu Feb 23 16:42:14 2023
4095   438  4095  4095  4095  
   1   188    29  
1677150735 Thu Feb 23 16:42:15 2023
4095   437  4095  4095  4095  
   1   112    29  
1677150736 Thu Feb 23 16:42:15 2023
4095   438  4095  4095  4095  
   1   141    29  
1677150736 Thu Feb 23 16:42:16 2023
4095   425  4095  4095  4095  
   1   149    29  
1677150737 Thu Feb 23 16:42:17 2023
4095   423  4095  4095  4095  
   1   161    29  
1677150738 Thu Feb 23 16:42:18 2023
4095   444  4095  4095  4095  
   1   107    29  
1677150739 Thu Feb 23 16:42:18 2023
4095   418  4095  4095  4095  
   1   193    29  
1677150739 Thu Feb 23 16:42:19 2023
4095   436  4095  4095  4095  
   1   118    29  
1677150739 Thu Feb 23 16:42:19 2023
4095   435  4095  4095  4095  
   1   125    29  
1677150740 Thu Feb 23 16:42:20 2023
4095   477  4095  4095  4095  
   1   125    29  
1677150740 Thu Feb 23 16:42:20 2023
4095   425  4095  4095  4095  
   1   147    29  
1677150741 Thu Feb 23 16:42:20 2023
4095   441  4095  4095  4095  
   1   142    29  
1677150741 Thu Feb 23 16:42:21 2023
4095   434  4095  4095  4095  
   1   127    29  
1677150742 Thu Feb 23 16:42:21 2023
4095   440  4095  4095  4095  
   1   141    29  
1677150742 Thu Feb 23 16:42:22 2023
4095   442  4095  4095  4095  
   1   224    29  
1677150743 Thu Feb 23 16:42:23 2023
4095   433  4095  4095  4095  
   1   120    29  
1677150744 Thu Feb 23 16:42:23 2023
4095   449  4095  4095  4095  
   1   108    29  
1677150744 Thu Feb 23 16:42:24 2023
4095   436  4095  4095  4095  
   1   208    29  
1677150745 Thu Feb 23 16:42:25 2023
4095   388  4095  4095  4095  
   1   122    29  
1677150745 Thu Feb 23 16:42:25 2023
4095   435  4095  4095  4095  
   1   183    29  
1677150746 Thu Feb 23 16:42:25 2023
4095   437  4095  4095  4095  
   1   179    29  
1677150747 Thu Feb 23 16:42:27 2023
4095   437  4095  4095  4095  
   1   150    29  
1677150748 Thu Feb 23 16:42:28 2023
4095   429  4095  4095  4095  
   1   178    29  
1677150748 Thu Feb 23 16:42:28 2023
4095   450  4095  4095  4095  
   1   103    29  
1677150748 Thu Feb 23 16:42:28 2023
4095   447  4095  4095  4095  
   1   122    29  
1677150749 Thu Feb 23 16:42:29 2023
4095   426  4095  4095  4095  
   1   156    29  
1677150749 Thu Feb 23 16:42:29 2023
4095   439  4095  4095  4095  
   1   309    29  
1677150750 Thu Feb 23 16:42:30 2023
4095   478  4095  4095  4095  
   1   138    29  
1677150751 Thu Feb 23 16:42:30 2023
4095   429  4095  4095  4095  
   1   195    29  
1677150751 Thu Feb 23 16:42:31 2023
4095   454  4095  4095  4095  
   1   132    29  
1677150752 Thu Feb 23 16:42:31 2023
4095   433  4095  4095  4095  
   1   144    29  
1677150754 Thu Feb 23 16:42:33 2023
4095   450  4095  4095  4095  
   1   110    29  
1677150754 Thu Feb 23 16:42:34 2023
4095   435  4095  4095  4095  
   1   272    29  
1677150755 Thu Feb 23 16:42:34 2023
4095   481  4095  4095  4095  
   1   104    29  
1677150755 Thu Feb 23 16:42:35 2023
4095   426  4095  4095  4095  
   1   146    29  
1677150756 Thu Feb 23 16:42:35 2023
4095   426  4095  4095  4095  
   1   247    29  
1677150757 Thu Feb 23 16:42:36 2023
4095   426  4095  4095  4095  
   1   135    29  
1677150758 Thu Feb 23 16:42:38 2023
4095   443  4095  4095  4095  
   1   112    29  
1677150758 Thu Feb 23 16:42:38 2023
4095   435  4095  4095  4095  
   1   181    29  
1677150759 Thu Feb 23 16:42:39 2023
4095   441  4095  4095  4095  
   1   116    29  
1677150762 Thu Feb 23 16:42:42 2023
4095   438  4095  4095  4095  
   1   178    29  
1677150763 Thu Feb 23 16:42:42 2023
4095   453  4095  4095  4095  
   1   105    29  
1677150763 Thu Feb 23 16:42:43 2023
4095   437  4095  4095  4095  
   1    95    29  
1677150763 Thu Feb 23 16:42:43 2023
4095   411  4095  4095  4095  
   1   259    29  
1677150764 Thu Feb 23 16:42:44 2023
4095   452  4095  4095  4095  
   1   150    29  
1677150765 Thu Feb 23 16:42:45 2023
4095   429  4095  4095  4095  
   1   116    29  
1677150766 Thu Feb 23 16:42:46 2023
4095   449  4095  4095  4095  
   1   129    29  
1677150766 Thu Feb 23 16:42:46 2023
4095   485  4095  4095  4095  
   1    82    29  
1677150767 Thu Feb 23 16:42:47 2023
4095   429  4095  4095  4095  
   1   567    29  
1677150768 Thu Feb 23 16:42:48 2023
4095   426  4095  4095  4095  
   1   138    29  
1677150768 Thu Feb 23 16:42:48 2023
4095   429  4095  4095  4095  
   1   145    29  
1677150769 Thu Feb 23 16:42:48 2023
4095   439  4095  4095  4095  
   1   115    29  
1677150769 Thu Feb 23 16:42:49 2023
4095   465  4095  4095  4095  
   1   132    29  
1677150770 Thu Feb 23 16:42:50 2023
4095   442  4095  4095  4095  
   1   137    29  
1677150772 Thu Feb 23 16:42:51 2023
4095   439  4095  4095  4095  
   1   150    29  
1677150773 Thu Feb 23 16:42:53 2023
4095   437  4095  4095  4095  
   1   198    29  
1677150774 Thu Feb 23 16:42:54 2023
4095   454  4095  4095  4095  
   1   127    29  
1677150775 Thu Feb 23 16:42:54 2023
4095   477  4095  4095  4095  
   1    98    29  
1677150775 Thu Feb 23 16:42:55 2023
4095   435  4095  4095  4095  
   1    89    29  
1677150775 Thu Feb 23 16:42:55 2023
4095   446  4095  4095  4095  
   1   174    29  
1677150776 Thu Feb 23 16:42:56 2023
4095   430  4095  4095  4095  
   1   150    29  
1677150777 Thu Feb 23 16:42:57 2023
4095   434  4095  4095  4095  
   1   132    29  
1677150777 Thu Feb 23 16:42:57 2023
4095   425  4095  4095  4095  
   1   165    29  
1677150779 Thu Feb 23 16:42:58 2023
4095   435  4095  4095  4095  
   1   134    29  
1677150779 Thu Feb 23 16:42:59 2023
4095   451  4095  4095  4095  
   1   172    29  
1677150780 Thu Feb 23 16:43:00 2023
4095   435  4095  4095  4095  
   1   131    29  
1677150780 Thu Feb 23 16:43:00 2023
4095   462  4095  4095  4095  
   1   108    29  
1677150781 Thu Feb 23 16:43:00 2023
4095   447  4095  4095  4095  
   1   115    29  
1677150781 Thu Feb 23 16:43:01 2023
4095   471  4095  4095  4095  
   1    98    29  
1677150782 Thu Feb 23 16:43:01 2023
4095  4095  4095  4095  4095  
   1    87    29  
1677150782 Thu Feb 23 16:43:02 2023
4095   436  4095  4095  4095  
   1   169    29  
1677150783 Thu Feb 23 16:43:02 2023
4095   419  4095  4095  4095  
   1   115    29  
1677150783 Thu Feb 23 16:43:03 2023
4095   438  4095  4095  4095  
   1   152    29  
1677150783 Thu Feb 23 16:43:03 2023
4095   435  4095  4095  4095  
   1   134    29  
1677150784 Thu Feb 23 16:43:04 2023
4095   445  4095  4095  4095  
   1   167    29  
1677150784 Thu Feb 23 16:43:04 2023
4095   443  4095  4095  4095  
   1   137    29  
1677150785 Thu Feb 23 16:43:05 2023
4095   464  4095  4095  4095  
   1   120    29  
1677150786 Thu Feb 23 16:43:06 2023
4095   436  4095  4095  4095  
   1   133    29  
1677150788 Thu Feb 23 16:43:08 2023
4095   448  4095  4095  4095  
   1   234    29  
1677150789 Thu Feb 23 16:43:08 2023
4095   437  4095  4095  4095  
   1   131    29  
1677150789 Thu Feb 23 16:43:09 2023
4095   448  4095  4095  4095  
   1   118    29  
1677150790 Thu Feb 23 16:43:10 2023
4095   467  4095  4095  4095  
   1    99    29  
1677150790 Thu Feb 23 16:43:10 2023
4095   444  4095  4095  4095  
   1   140    29  
1677150791 Thu Feb 23 16:43:10 2023
4095   436  4095  4095  4095  
   1   120    29  
1677150791 Thu Feb 23 16:43:11 2023
4095   491  4095  4095  4095  
   1    95    29  
1677150791 Thu Feb 23 16:43:11 2023
4095   446  4095  4095  4095  
   1   211    29  
1677150791 Thu Feb 23 16:43:11 2023
4095   432  4095  4095  4095  
   1   269    29  
1677150792 Thu Feb 23 16:43:12 2023
4095   441  4095  4095  4095  
   1   160    29  
1677150792 Thu Feb 23 16:43:12 2023
4095   434  4095  4095  4095  
   1   160    29  
1677150793 Thu Feb 23 16:43:13 2023
4095   439  4095  4095  4095  
   1   242    29  
1677150793 Thu Feb 23 16:43:13 2023
4095   438  4095  4095  4095  
   1   114    29  
1677150794 Thu Feb 23 16:43:13 2023
4095   463  4095  4095  4095  
   1    86    29  
1677150794 Thu Feb 23 16:43:14 2023
4095   448  4095  4095  4095  
   1   164    29  
1677150795 Thu Feb 23 16:43:14 2023
4095   444  4095  4095  4095  
   1   108    29  
1677150795 Thu Feb 23 16:43:15 2023
4095   443  4095  4095  4095  
   1   145    29  
1677150796 Thu Feb 23 16:43:15 2023
4095   436  4095  4095  4095  
   1   121    29  
1677150797 Thu Feb 23 16:43:16 2023
4095   436  4095  4095  4095  
   1   104    29  
1677150797 Thu Feb 23 16:43:17 2023
4095   434  4095  4095  4095  
   1   158    29  
1677150798 Thu Feb 23 16:43:18 2023
4095   448  4095  4095  4095  
   1   110    29  
1677150798 Thu Feb 23 16:43:18 2023
4095   436  4095  4095  4095  
   1   123    29  
1677150799 Thu Feb 23 16:43:19 2023
4095   466  4095  4095  4095  
   1   149    29  
1677150800 Thu Feb 23 16:43:20 2023
4095   449  4095  4095  4095  
   1   105    29  
1677150801 Thu Feb 23 16:43:20 2023
4095   450  4095  4095  4095  
   1   141    29  
1677150801 Thu Feb 23 16:43:21 2023
4095   422  4095  4095  4095  
   1   226    29  
1677150801 Thu Feb 23 16:43:21 2023
4095   439  4095  4095  4095  
   1   363    29  
1677150802 Thu Feb 23 16:43:21 2023
4095   443  4095  4095  4095  
   1   116    29  
1677150802 Thu Feb 23 16:43:22 2023
4095   442  4095  4095  4095  
   1   125    29  
1677150803 Thu Feb 23 16:43:23 2023
4095   451  4095  4095  4095  
   1   187    29  
1677150803 Thu Feb 23 16:43:23 2023
4095   461  4095  4095  4095  
   1   104    29  
1677150804 Thu Feb 23 16:43:23 2023
4095   442  4095  4095  4095  
   1   246    29  
1677150804 Thu Feb 23 16:43:24 2023
4095   463  4095  4095  4095  
   1    91    29  
1677150804 Thu Feb 23 16:43:24 2023
4095   447  4095  4095  4095  
   1   125    29  
1677150805 Thu Feb 23 16:43:24 2023
4095   440  4095  4095  4095  
   1   160    29  
1677150806 Thu Feb 23 16:43:25 2023
4095   435  4095  4095  4095  
   1   135    29  
1677150806 Thu Feb 23 16:43:26 2023
4095   444  4095  4095  4095  
   1   120    29  
1677150807 Thu Feb 23 16:43:27 2023
4095   386  4095  4095  4095  
   1   168    29  
1677150808 Thu Feb 23 16:43:28 2023
4095   435  4095  4095  4095  
   1   125    29  
1677150810 Thu Feb 23 16:43:30 2023
4095   441  4095  4095  4095  
   1   123    29  
1677150810 Thu Feb 23 16:43:30 2023
4095   435  4095  4095  4095  
   1   406    29  
1677150811 Thu Feb 23 16:43:31 2023
4095   434  4095  4095  4095  
   1   175    29  
1677150813 Thu Feb 23 16:43:33 2023
4095   515  4095  4095  4095  
   1    92    29  
1677150813 Thu Feb 23 16:43:33 2023
4095   429  4095  4095  4095  
   1   155    29  
1677150814 Thu Feb 23 16:43:34 2023
4095   432  4095  4095  4095  
   1   140    29  
1677150815 Thu Feb 23 16:43:34 2023
4095   416  4095  4095  4095  
   1   214    29  
1677150815 Thu Feb 23 16:43:35 2023
4095   438  4095  4095  4095  
   1   154    29  
1677150815 Thu Feb 23 16:43:35 2023
4095   466  4095  4095  4095  
   1   110    29  
1677150816 Thu Feb 23 16:43:35 2023
4095   441  4095  4095  4095  
   1   114    29  
1677150816 Thu Feb 23 16:43:36 2023
4095   439  4095  4095  4095  
   1   112    29  
1677150816 Thu Feb 23 16:43:36 2023
4095   440  4095  4095  4095  
   1   364    29  
1677150817 Thu Feb 23 16:43:37 2023
4095   437  4095  4095  4095  
   1   163    29  
1677150818 Thu Feb 23 16:43:37 2023
4095   380  4095  4095  4095  
   1   135    29  
1677150819 Thu Feb 23 16:43:38 2023
4095   427  4095  4095  4095  
   1   142    29  
1677150819 Thu Feb 23 16:43:39 2023
4095   450  4095  4095  4095  
   1   119    29  
1677150820 Thu Feb 23 16:43:39 2023
4095   434  4095  4095  4095  
   1   127    29  
1677150820 Thu Feb 23 16:43:40 2023
4095   444  4095  4095  4095  
   1   127    29  
1677150821 Thu Feb 23 16:43:41 2023
4095   432  4095  4095  4095  
   1   183    29  
1677150822 Thu Feb 23 16:43:42 2023
4095   451  4095  4095  4095  
   1   125    29  
1677150823 Thu Feb 23 16:43:43 2023
4095   438  4095  4095  4095  
   1   132    29  
1677150823 Thu Feb 23 16:43:43 2023
4095   376  4095  4095  4095  
   1   105    29  
1677150824 Thu Feb 23 16:43:43 2023
4095   433  4095  4095  4095  
   1   171    29  
1677150824 Thu Feb 23 16:43:44 2023
4095   448  4095  4095  4095  
   1   155    29  
1677150825 Thu Feb 23 16:43:45 2023
4095   440  4095  4095  4095  
   1   113    29  
1677150825 Thu Feb 23 16:43:45 2023
4095   438  4095  4095  4095  
   1   214    29  
1677150826 Thu Feb 23 16:43:45 2023
4095   435  4095  4095  4095  
   1   148    29  
1677150826 Thu Feb 23 16:43:46 2023
4095   451  4095  4095  4095  
   1   144    29  
1677150827 Thu Feb 23 16:43:47 2023
4095   414  4095  4095  4095  
   1   100    29  
1677150828 Thu Feb 23 16:43:47 2023
4095   430  4095  4095  4095  
   1   192    29  
1677150829 Thu Feb 23 16:43:49 2023
4095   443  4095  4095  4095  
   1   209    29  
1677150829 Thu Feb 23 16:43:49 2023
4095   457  4095  4095  4095  
   1   125    29  
1677150830 Thu Feb 23 16:43:50 2023
4095   475  4095  4095  4095  
   1   120    29  
1677150830 Thu Feb 23 16:43:50 2023
4095   434  4095  4095  4095  
   1   140    29  
1677150830 Thu Feb 23 16:43:50 2023
4095   430  4095  4095  4095  
   1   122    29  
1677150831 Thu Feb 23 16:43:51 2023
4095   439  4095  4095  4095  
   1    99    29  
1677150832 Thu Feb 23 16:43:51 2023
4095   430  4095  4095  4095  
   1   265    29  
1677150832 Thu Feb 23 16:43:52 2023
4095   433  4095  4095  4095  
   1   182    29  
1677150833 Thu Feb 23 16:43:52 2023
4095   437  4095  4095  4095  
   1   137    29  
1677150834 Thu Feb 23 16:43:54 2023
4095   454  4095  4095  4095  
   1   126    29  
1677150834 Thu Feb 23 16:43:54 2023
4095   480  4095  4095  4095  
   1   119    29  
1677150836 Thu Feb 23 16:43:55 2023
4095   457  4095  4095  4095  
   1   129    29  
1677150837 Thu Feb 23 16:43:56 2023
4095   428  4095  4095  4095  
   1   145    29  
1677150837 Thu Feb 23 16:43:57 2023
4095   428  4095  4095  4095  
   1   171    29  
1677150838 Thu Feb 23 16:43:57 2023
4095   444  4095  4095  4095  
   1   162    29  
1677150839 Thu Feb 23 16:43:59 2023
4095   429  4095  4095  4095  
   1   156    29  
1677150840 Thu Feb 23 16:43:59 2023
4095   439  4095  4095  4095  
   1   145    29  
1677150840 Thu Feb 23 16:44:00 2023
4095   476  4095  4095  4095  
   1    96    29  
1677150840 Thu Feb 23 16:44:00 2023
4095   442  4095  4095  4095  
   1   111    29  
1677150841 Thu Feb 23 16:44:00 2023
4095   436  4095  4095  4095  
   1   273    29  
1677150842 Thu Feb 23 16:44:02 2023
4095   457  4095  4095  4095  
   1   112    29  
1677150842 Thu Feb 23 16:44:02 2023
4095   426  4095  4095  4095  
   1   129    29  
1677150844 Thu Feb 23 16:44:03 2023
4095   463  4095  4095  4095  
   1   117    29  
1677150844 Thu Feb 23 16:44:04 2023
4095   430  4095  4095  4095  
   1   116    29  
1677150845 Thu Feb 23 16:44:05 2023
4095   426  4095  4095  4095  
   1   189    29  
1677150846 Thu Feb 23 16:44:05 2023
4095   502  4095  4095  4095  
   1    79    29  
1677150846 Thu Feb 23 16:44:06 2023
4095   429  4095  4095  4095  
   1   124    29  
1677150846 Thu Feb 23 16:44:06 2023
4095   455  4095  4095  4095  
   1   156    29  
1677150847 Thu Feb 23 16:44:07 2023
4095   439  4095  4095  4095  
   1   164    29  
1677150848 Thu Feb 23 16:44:08 2023
4095   442  4095  4095  4095  
   1   128    29  
1677150849 Thu Feb 23 16:44:09 2023
4095   451  4095  4095  4095  
   1   155    29  
1677150850 Thu Feb 23 16:44:10 2023
4095   446  4095  4095  4095  
   1   185    29  
1677150853 Thu Feb 23 16:44:13 2023
4095   428  4095  4095  4095  
   1   156    29  
1677150853 Thu Feb 23 16:44:13 2023
4095   433  4095  4095  4095  
   1   146    29  
1677150854 Thu Feb 23 16:44:14 2023
4095   451  4095  4095  4095  
   1    97    29  
1677150855 Thu Feb 23 16:44:14 2023
4095   435  4095  4095  4095  
   1   154    29  
1677150855 Thu Feb 23 16:44:15 2023
4095   448  4095  4095  4095  
   1   118    29  
1677150855 Thu Feb 23 16:44:15 2023
4095   437  4095  4095  4095  
   1   144    29  
1677150856 Thu Feb 23 16:44:16 2023
4095   482  4095  4095  4095  
   1   102    29  
1677150857 Thu Feb 23 16:44:17 2023
4095   464  4095  4095  4095  
   1   114    29  
1677150857 Thu Feb 23 16:44:17 2023
4095   438  4095  4095  4095  
   1   105    29  
1677150857 Thu Feb 23 16:44:17 2023
4095   427  4095  4095  4095  
   1   436    29  
1677150858 Thu Feb 23 16:44:17 2023
4095   470  4095  4095  4095  
   1   118    29  
1677150858 Thu Feb 23 16:44:18 2023
4095   441  4095  4095  4095  
   1   121    29  
1677150860 Thu Feb 23 16:44:19 2023
4095   436  4095  4095  4095  
   1   143    29  
1677150860 Thu Feb 23 16:44:20 2023
4095   462  4095  4095  4095  
   1   113    29  
1677150861 Thu Feb 23 16:44:20 2023
4095   442  4095  4095  4095  
   1   133    29  
1677150862 Thu Feb 23 16:44:22 2023
4095   444  4095  4095  4095  
   1   211    29  
1677150863 Thu Feb 23 16:44:22 2023
4095   452  4095  4095  4095  
   1   107    29  
1677150864 Thu Feb 23 16:44:23 2023
4095   403  4095  4095  4095  
   1   126    29  
1677150864 Thu Feb 23 16:44:24 2023
4095   443  4095  4095  4095  
   1   110    29  
1677150864 Thu Feb 23 16:44:24 2023
4095   444  4095  4095  4095  
   1   107    29  
1677150865 Thu Feb 23 16:44:25 2023
4095   462  4095  4095  4095  
   1   120    29  
1677150866 Thu Feb 23 16:44:25 2023
4095   450  4095  4095  4095  
   1    91    29  
1677150866 Thu Feb 23 16:44:26 2023
4095   437  4095  4095  4095  
   1   109    29  
1677150867 Thu Feb 23 16:44:26 2023
4095   427  4095  4095  4095  
   1   110    29  
1677150867 Thu Feb 23 16:44:27 2023
4095   437  4095  4095  4095  
   1   175    29  
1677150867 Thu Feb 23 16:44:27 2023
4095   428  4095  4095  4095  
   1   101    29  
1677150868 Thu Feb 23 16:44:27 2023
4095   432  4095  4095  4095  
   1   291    29  
1677150869 Thu Feb 23 16:44:29 2023
4095   459  4095  4095  4095  
   1   122    29  
1677150869 Thu Feb 23 16:44:29 2023
4095   446  4095  4095  4095  
   1   103    29  
1677150870 Thu Feb 23 16:44:29 2023
4095   438  4095  4095  4095  
   1   154    29  
1677150870 Thu Feb 23 16:44:30 2023
4095   429  4095  4095  4095  
   1   185    29  
1677150872 Thu Feb 23 16:44:32 2023
4095   460  4095  4095  4095  
   1   116    29  
1677150873 Thu Feb 23 16:44:33 2023
4095   442  4095  4095  4095  
   1   125    29  
1677150874 Thu Feb 23 16:44:33 2023
4095   427  4095  4095  4095  
   1   162    29  
1677150874 Thu Feb 23 16:44:34 2023
4095   509  4095  4095  4095  
   1    99    29  
1677150874 Thu Feb 23 16:44:34 2023
4095   470  4095  4095  4095  
   1    85    29  
1677150875 Thu Feb 23 16:44:34 2023
4095   437  4095  4095  4095  
   1   116    29  
1677150875 Thu Feb 23 16:44:35 2023
4095   435  4095  4095  4095  
   1   158    29  
1677150875 Thu Feb 23 16:44:35 2023
4095   436  4095  4095  4095  
   1   124    29  
1677150875 Thu Feb 23 16:44:35 2023
4095   537  4095  4095  4095  
   1    99    29  
1677150875 Thu Feb 23 16:44:35 2023
4095   475  4095  4095  4095  
   1   112    29  
1677150876 Thu Feb 23 16:44:35 2023
4095   420  4095  4095  4095  
   1   128    29  
1677150876 Thu Feb 23 16:44:36 2023
4095   452  4095  4095  4095  
   1   137    29  
1677150876 Thu Feb 23 16:44:36 2023
4095   434  4095  4095  4095  
   1   166    29  
1677150877 Thu Feb 23 16:44:36 2023
4095   463  4095  4095  4095  
   1   120    29  
1677150877 Thu Feb 23 16:44:37 2023
4095   428  4095  4095  4095  
   1   132    29  
1677150877 Thu Feb 23 16:44:37 2023
4095   436  4095  4095  4095  
   1   115    29  
1677150879 Thu Feb 23 16:44:38 2023
4095   480  4095  4095  4095  
   1    96    29  
1677150880 Thu Feb 23 16:44:39 2023
4095   444  4095  4095  4095  
   1   117    29  
1677150880 Thu Feb 23 16:44:40 2023
4095   446  4095  4095  4095  
   1    84    29  
1677150880 Thu Feb 23 16:44:40 2023
4095   474  4095  4095  4095  
   1    99    29  
1677150881 Thu Feb 23 16:44:41 2023
4095   448  4095  4095  4095  
   1   156    29  
1677150882 Thu Feb 23 16:44:42 2023
4095   433  4095  4095  4095  
   1   144    29  
1677150882 Thu Feb 23 16:44:42 2023
4095   455  4095  4095  4095  
   1   116    29  
1677150883 Thu Feb 23 16:44:42 2023
4095   437  4095  4095  4095  
   1   118    29  
1677150883 Thu Feb 23 16:44:43 2023
4095   438  4095  4095  4095  
   1   119    29  
1677150884 Thu Feb 23 16:44:43 2023
4095   432  4095  4095  4095  
   1   135    29  
1677150885 Thu Feb 23 16:44:44 2023
4095   440  4095  4095  4095  
   1   149    29  
1677150885 Thu Feb 23 16:44:45 2023
4095   438  4095  4095  4095  
   1   143    29  
1677150885 Thu Feb 23 16:44:45 2023
4095   413  4095  4095  4095  
   1   160    29  
1677150885 Thu Feb 23 16:44:45 2023
4095   459  4095  4095  4095  
   1   100    29  
1677150887 Thu Feb 23 16:44:46 2023
4095   438  4095  4095  4095  
   1    97    29  
1677150887 Thu Feb 23 16:44:47 2023
4095   452  4095  4095  4095  
   1    91    29  
1677150888 Thu Feb 23 16:44:48 2023
4095   436  4095  4095  4095  
   1   121    29  
1677150889 Thu Feb 23 16:44:49 2023
4095   454  4095  4095  4095  
   1   103    29  
1677150889 Thu Feb 23 16:44:49 2023
4095   408  4095  4095  4095  
   1   180    29  
1677150890 Thu Feb 23 16:44:49 2023
4095   427  4095  4095  4095  
   1   192    29  
1677150890 Thu Feb 23 16:44:50 2023
4095   485  4095  4095  4095  
   1    94    29  
1677150890 Thu Feb 23 16:44:50 2023
4095   428  4095  4095  4095  
   1   101    29  
1677150890 Thu Feb 23 16:44:50 2023
4095   436  4095  4095  4095  
   1   140    29  
1677150891 Thu Feb 23 16:44:50 2023
4095   441  4095  4095  4095  
   1   135    29  
1677150891 Thu Feb 23 16:44:51 2023
4095   455  4095  4095  4095  
   1   116    29  
1677150892 Thu Feb 23 16:44:52 2023
4095   436  4095  4095  4095  
   1   165    29  
1677150893 Thu Feb 23 16:44:52 2023
4095   478  4095  4095  4095  
   1    97    29  
1677150893 Thu Feb 23 16:44:53 2023
4095   449  4095  4095  4095  
   1   124    29  
1677150894 Thu Feb 23 16:44:54 2023
4095   442  4095  4095  4095  
   1   152    29  
1677150895 Thu Feb 23 16:44:55 2023
4095   480  4095  4095  4095  
   1   100    29  
1677150896 Thu Feb 23 16:44:56 2023
4095   429  4095  4095  4095  
   1   122    29  
1677150896 Thu Feb 23 16:44:56 2023
4095   450  4095  4095  4095  
   1   102    29  
1677150897 Thu Feb 23 16:44:56 2023
4095   430  4095  4095  4095  
   1   130    29  
1677150897 Thu Feb 23 16:44:57 2023
4095   436  4095  4095  4095  
   1   118    29  
1677150897 Thu Feb 23 16:44:57 2023
4095   440  4095  4095  4095  
   1   107    29  
1677150899 Thu Feb 23 16:44:58 2023
4095   471  4095  4095  4095  
   1   107    29  
1677150899 Thu Feb 23 16:44:59 2023
4095   456  4095  4095  4095  
   1    98    29  
1677150899 Thu Feb 23 16:44:59 2023
4095   476  4095  4095  4095  
   1   107    29  
1677150900 Thu Feb 23 16:44:59 2023
4095   407  4095  4095  4095  
   1   171    29  
1677150900 Thu Feb 23 16:45:00 2023
4095   440  4095  4095  4095  
   1   118    29  
1677150900 Thu Feb 23 16:45:00 2023
4095   429  4095  4095  4095  
   1   157    29  
1677150901 Thu Feb 23 16:45:00 2023
4095   441  4095  4095  4095  
   1   117    29  
1677150902 Thu Feb 23 16:45:01 2023
4095   439  4095  4095  4095  
   1   169    29  
1677150904 Thu Feb 23 16:45:04 2023
4095   454  4095  4095  4095  
   1   263    29  
1677150904 Thu Feb 23 16:45:04 2023
4095   442  4095  4095  4095  
   1   139    29  
1677150904 Thu Feb 23 16:45:04 2023
4095   443  4095  4095  4095  
   1   112    29  
1677150905 Thu Feb 23 16:45:04 2023
4095   423  4095  4095  4095  
   1   115    29  
1677150905 Thu Feb 23 16:45:05 2023
4095   473  4095  4095  4095  
   1   124    29  
1677150906 Thu Feb 23 16:45:06 2023
4095   437  4095  4095  4095  
   1   147    29  
1677150907 Thu Feb 23 16:45:06 2023
4095   441  4095  4095  4095  
   1   137    29  
1677150907 Thu Feb 23 16:45:07 2023
4095   432  4095  4095  4095  
   1   341    29  
1677150907 Thu Feb 23 16:45:07 2023
4095   478  4095  4095  4095  
   1    93    29  
1677150908 Thu Feb 23 16:45:07 2023
4095   446  4095  4095  4095  
   1   107    29  
1677150909 Thu Feb 23 16:45:09 2023
4095   442  4095  4095  4095  
   1   221    29  
1677150911 Thu Feb 23 16:45:10 2023
4095   429  4095  4095  4095  
   1   180    29  
1677150911 Thu Feb 23 16:45:11 2023
4095   456  4095  4095  4095  
   1   138    29  
1677150912 Thu Feb 23 16:45:11 2023
4095   443  4095  4095  4095  
   1   187    29  
1677150913 Thu Feb 23 16:45:13 2023
4095   441  4095  4095  4095  
   1   121    29  
1677150914 Thu Feb 23 16:45:14 2023
4095   421  4095  4095  4095  
   1   149    29  
1677150915 Thu Feb 23 16:45:15 2023
4095   481  4095  4095  4095  
   1    95    29  
1677150916 Thu Feb 23 16:45:15 2023
4095   440  4095  4095  4095  
   1   162    29  
1677150916 Thu Feb 23 16:45:16 2023
4095   496  4095  4095  4095  
   1   103    29  
1677150917 Thu Feb 23 16:45:16 2023
4095   476  4095  4095  4095  
   1   140    29  
1677150917 Thu Feb 23 16:45:17 2023
4095   449  4095  4095  4095  
   1   139    29  
1677150918 Thu Feb 23 16:45:17 2023
4095   440  4095  4095  4095  
   1   155    29  
1677150918 Thu Feb 23 16:45:18 2023
4095   447  4095  4095  4095  
   1   180    29  
1677150919 Thu Feb 23 16:45:19 2023
4095   453  4095  4095  4095  
   1   107    29  
1677150919 Thu Feb 23 16:45:19 2023
4095   445  4095  4095  4095  
   1   146    29  
1677150920 Thu Feb 23 16:45:20 2023
4095   439  4095  4095  4095  
   1   159    29  
1677150921 Thu Feb 23 16:45:20 2023
4095   430  4095  4095  4095  
   1   150    29  
1677150921 Thu Feb 23 16:45:21 2023
4095   465  4095  4095  4095  
   1    99    29  
1677150921 Thu Feb 23 16:45:21 2023
4095   439  4095  4095  4095  
   1   126    29  
1677150921 Thu Feb 23 16:45:21 2023
4095   426  4095  4095  4095  
   1   262    29  
1677150923 Thu Feb 23 16:45:22 2023
4095   468  4095  4095  4095  
   1   121    29  
1677150923 Thu Feb 23 16:45:23 2023
4095   430  4095  4095  4095  
   1   118    29  
1677150923 Thu Feb 23 16:45:23 2023
4095   445  4095  4095  4095  
   1   133    29  
1677150924 Thu Feb 23 16:45:24 2023
4095   435  4095  4095  4095  
   1   168    29  
1677150925 Thu Feb 23 16:45:25 2023
4095   468  4095  4095  4095  
   1   123    29  
1677150925 Thu Feb 23 16:45:25 2023
4095   436  4095  4095  4095  
   1   198    29  
1677150926 Thu Feb 23 16:45:25 2023
4095   454  4095  4095  4095  
   1   128    29  
1677150926 Thu Feb 23 16:45:26 2023
4095   436  4095  4095  4095  
   1   164    29  
1677150926 Thu Feb 23 16:45:26 2023
4095   509  4095  4095  4095  
   1    88    29  
1677150927 Thu Feb 23 16:45:26 2023
4095   435  4095  4095  4095  
   1   126    29  
1677150927 Thu Feb 23 16:45:27 2023
4095   476  4095  4095  4095  
   1   100    29  
1677150928 Thu Feb 23 16:45:28 2023
4095   436  4095  4095  4095  
   1   133    29  
1677150929 Thu Feb 23 16:45:28 2023
4095   414  4095  4095  4095  
   1   179    29  
1677150929 Thu Feb 23 16:45:29 2023
4095   435  4095  4095  4095  
   1   252    29  
1677150929 Thu Feb 23 16:45:29 2023
4095   441  4095  4095  4095  
   1   117    29  
1677150930 Thu Feb 23 16:45:30 2023
4095   447  4095  4095  4095  
   1   117    29  
1677150931 Thu Feb 23 16:45:30 2023
4095   427  4095  4095  4095  
   1   115    29  
1677150931 Thu Feb 23 16:45:31 2023
4095   443  4095  4095  4095  
   1   161    29  
1677150931 Thu Feb 23 16:45:31 2023
4095   439  4095  4095  4095  
   1   105    29  
1677150932 Thu Feb 23 16:45:31 2023
4095   523  4095  4095  4095  
   1   100    29  
1677150932 Thu Feb 23 16:45:32 2023
4095   439  4095  4095  4095  
   1   101    29  
1677150935 Thu Feb 23 16:45:35 2023
4095   437  4095  4095  4095  
   1   127    29  
1677150935 Thu Feb 23 16:45:35 2023
4095   440  4095  4095  4095  
   1   195    29  
1677150935 Thu Feb 23 16:45:35 2023
4095   439  4095  4095  4095  
   1   185    29  
1677150936 Thu Feb 23 16:45:36 2023
4095   428  4095  4095  4095  
   1   119    29  
1677150937 Thu Feb 23 16:45:37 2023
4095   412  4095  4095  4095  
   1   287    29  
1677150937 Thu Feb 23 16:45:37 2023
4095   470  4095  4095  4095  
   1   103    29  
1677150937 Thu Feb 23 16:45:37 2023
4095   473  4095  4095  4095  
   1    99    29  
1677150938 Thu Feb 23 16:45:37 2023
4095   434  4095  4095  4095  
   1   157    29  
1677150938 Thu Feb 23 16:45:38 2023
4095   421  4095  4095  4095  
   1   114    29  
1677150939 Thu Feb 23 16:45:38 2023
4095   368  4095  4095  4095  
   1   256    29  
1677150939 Thu Feb 23 16:45:39 2023
4095   468  4095  4095  4095  
   1   135    29  
1677150939 Thu Feb 23 16:45:39 2023
4095   445  4095  4095  4095  
   1   148    29  
1677150939 Thu Feb 23 16:45:39 2023
4095   444  4095  4095  4095  
   1   168    29  
1677150941 Thu Feb 23 16:45:40 2023
4095   432  4095  4095  4095  
   1   134    29  
1677150941 Thu Feb 23 16:45:41 2023
4095   463  4095  4095  4095  
   1   130    29  
1677150942 Thu Feb 23 16:45:42 2023
4095   437  4095  4095  4095  
   1   123    29  
1677150942 Thu Feb 23 16:45:42 2023
4095   441  4095  4095  4095  
   1   117    29  
1677150943 Thu Feb 23 16:45:42 2023
4095   441  4095  4095  4095  
   1   199    29  
1677150943 Thu Feb 23 16:45:43 2023
4095   450  4095  4095  4095  
   1   116    29  
1677150943 Thu Feb 23 16:45:43 2023
4095   466  4095  4095  4095  
   1    88    29  
1677150945 Thu Feb 23 16:45:44 2023
4095   431  4095  4095  4095  
   1   130    29  
1677150945 Thu Feb 23 16:45:45 2023
4095   412  4095  4095  4095  
   1   123    29  
1677150946 Thu Feb 23 16:45:46 2023
4095   459  4095  4095  4095  
   1    79    29  
1677150947 Thu Feb 23 16:45:47 2023
4095   399  4095  4095  4095  
   1   122    29  
1677150947 Thu Feb 23 16:45:47 2023
4095   436  4095  4095  4095  
   1   112    29  
1677150948 Thu Feb 23 16:45:47 2023
4095   453  4095  4095  4095  
   1   156    29  
1677150948 Thu Feb 23 16:45:48 2023
4095   435  4095  4095  4095  
   1   163    29  
1677150949 Thu Feb 23 16:45:49 2023
4095   442  4095  4095  4095  
   1   109    29  
1677150950 Thu Feb 23 16:45:49 2023
4095   424  4095  4095  4095  
   1   167    29  
1677150950 Thu Feb 23 16:45:50 2023
4095   424  4095  4095  4095  
   1   143    29  
1677150950 Thu Feb 23 16:45:50 2023
4095   436  4095  4095  4095  
   1   164    29  
1677150951 Thu Feb 23 16:45:51 2023
4095   432  4095  4095  4095  
   1   148    29  
1677150951 Thu Feb 23 16:45:51 2023
4095   440  4095  4095  4095  
   1   193    29  
1677150952 Thu Feb 23 16:45:51 2023
4095   518  4095  4095  4095  
   1   101    29  
1677150952 Thu Feb 23 16:45:52 2023
4095   460  4095  4095  4095  
   1   109    29  
1677150953 Thu Feb 23 16:45:53 2023
4095   447  4095  4095  4095  
   1   151    29  
1677150953 Thu Feb 23 16:45:53 2023
4095   426  4095  4095  4095  
   1   194    29  
1677150954 Thu Feb 23 16:45:53 2023
4095   444  4095  4095  4095  
   1   164    29  
1677150954 Thu Feb 23 16:45:54 2023
4095   421  4095  4095  4095  
   1   100    29  
1677150954 Thu Feb 23 16:45:54 2023
4095   442  4095  4095  4095  
   1   148    29  
1677150955 Thu Feb 23 16:45:55 2023
4095   488  4095  4095  4095  
   1   110    29  
1677150955 Thu Feb 23 16:45:55 2023
4095   438  4095  4095  4095  
   1   131    29  
1677150956 Thu Feb 23 16:45:55 2023
4095   427  4095  4095  4095  
   1   138    29  
1677150956 Thu Feb 23 16:45:56 2023
4095   441  4095  4095  4095  
   1   163    29  
1677150956 Thu Feb 23 16:45:56 2023
4095   440  4095  4095  4095  
   1   128    29  
1677150956 Thu Feb 23 16:45:56 2023
4095   461  4095  4095  4095  
   1   115    29  
1677150956 Thu Feb 23 16:45:56 2023
4095   431  4095  4095  4095  
   1   175    29  
1677150957 Thu Feb 23 16:45:57 2023
4095   471  4095  4095  4095  
   1    92    29  
1677150958 Thu Feb 23 16:45:58 2023
4095   448  4095  4095  4095  
   1   145    29  
1677150958 Thu Feb 23 16:45:58 2023
4095   445  4095  4095  4095  
   1   126    29  
1677150959 Thu Feb 23 16:45:59 2023
4095   440  4095  4095  4095  
   1   177    29  
1677150960 Thu Feb 23 16:45:59 2023
4095   442  4095  4095  4095  
   1   127    29  
1677150960 Thu Feb 23 16:46:00 2023
4095   438  4095  4095  4095  
   1   114    29  
1677150961 Thu Feb 23 16:46:01 2023
4095   411  4095  4095  4095  
   1   101    29  
1677150961 Thu Feb 23 16:46:01 2023
4095   454  4095  4095  4095  
   1    99    29  
1677150963 Thu Feb 23 16:46:03 2023
4095   465  4095  4095  4095  
   1   125    29  
1677150964 Thu Feb 23 16:46:03 2023
4095   439  4095  4095  4095  
   1   124    29  
1677150964 Thu Feb 23 16:46:04 2023
4095   449  4095  4095  4095  
   1   102    29  
1677150964 Thu Feb 23 16:46:04 2023
4095   438  4095  4095  4095  
   1   172    29  
1677150965 Thu Feb 23 16:46:05 2023
4095   438  4095  4095  4095  
   1   141    29  
1677150966 Thu Feb 23 16:46:06 2023
4095   468  4095  4095  4095  
   1    92    29  
1677150967 Thu Feb 23 16:46:07 2023
4095   409  4095  4095  4095  
   1   141    29  
1677150968 Thu Feb 23 16:46:07 2023
4095   455  4095  4095  4095  
   1   132    29  
1677150968 Thu Feb 23 16:46:08 2023
4095   419  4095  4095  4095  
   1   125    29  
1677150969 Thu Feb 23 16:46:08 2023
4095   428  4095  4095  4095  
   1   164    29  
1677150970 Thu Feb 23 16:46:10 2023
4095   444  4095  4095  4095  
   1   165    29  
1677150970 Thu Feb 23 16:46:10 2023
4095   406  4095  4095  4095  
   1   149    29  
1677150971 Thu Feb 23 16:46:10 2023
4095   452  4095  4095  4095  
   1   144    29  
1677150971 Thu Feb 23 16:46:11 2023
4095   418  4095  4095  4095  
   1   134    29  
1677150972 Thu Feb 23 16:46:12 2023
4095   448  4095  4095  4095  
   1   131    29  
1677150973 Thu Feb 23 16:46:13 2023
4095   450  4095  4095  4095  
   1   123    29  
1677150974 Thu Feb 23 16:46:13 2023
4095   431  4095  4095  4095  
   1   222    29  
1677150975 Thu Feb 23 16:46:15 2023
4095   441  4095  4095  4095  
   1   135    29  
1677150975 Thu Feb 23 16:46:15 2023
4095   425  4095  4095  4095  
   1   153    29  
1677150975 Thu Feb 23 16:46:15 2023
4095   451  4095  4095  4095  
   1    99    29  
1677150977 Thu Feb 23 16:46:17 2023
4095   464  4095  4095  4095  
   1    91    29  
1677150977 Thu Feb 23 16:46:17 2023
4095   428  4095  4095  4095  
   1   132    29  
1677150977 Thu Feb 23 16:46:17 2023
4095   438  4095  4095  4095  
   1   144    29  
1677150979 Thu Feb 23 16:46:19 2023
4095   428  4095  4095  4095  
   1   114    29  
1677150981 Thu Feb 23 16:46:21 2023
4095   452  4095  4095  4095  
   1   117    29  
1677150981 Thu Feb 23 16:46:21 2023
4095   435  4095  4095  4095  
   1   179    29  
1677150982 Thu Feb 23 16:46:22 2023
4095   457  4095  4095  4095  
   1   142    29  
1677150982 Thu Feb 23 16:46:22 2023
4095   433  4095  4095  4095  
   1   156    29  
1677150983 Thu Feb 23 16:46:23 2023
4095   441  4095  4095  4095  
   1   116    29  
1677150983 Thu Feb 23 16:46:23 2023
4095   439  4095  4095  4095  
   1   178    29  
1677150983 Thu Feb 23 16:46:23 2023
4095   444  4095  4095  4095  
   1   152    29  
1677150985 Thu Feb 23 16:46:24 2023
4095   436  4095  4095  4095  
   1   160    29  
1677150985 Thu Feb 23 16:46:25 2023
4095   473  4095  4095  4095  
   1   117    29  
1677150986 Thu Feb 23 16:46:25 2023
4095   447  4095  4095  4095  
   1   140    29  
1677150986 Thu Feb 23 16:46:26 2023
4095   443  4095  4095  4095  
   1   104    29  
1677150987 Thu Feb 23 16:46:27 2023
4095   489  4095  4095  4095  
   1    96    29  
1677150987 Thu Feb 23 16:46:27 2023
4095   458  4095  4095  4095  
   1   112    29  
1677150988 Thu Feb 23 16:46:28 2023
4095   384  4095  4095  4095  
   1   185    29  
1677150989 Thu Feb 23 16:46:29 2023
4095   439  4095  4095  4095  
   1   163    29  
1677150990 Thu Feb 23 16:46:30 2023
4095   445  4095  4095  4095  
   1   179    29  
1677150991 Thu Feb 23 16:46:31 2023
4095   435  4095  4095  4095  
   1   147    29  
1677150991 Thu Feb 23 16:46:31 2023
4095   439  4095  4095  4095  
   1   173    29  
1677150992 Thu Feb 23 16:46:31 2023
4095   425  4095  4095  4095  
   1   121    29  
1677150992 Thu Feb 23 16:46:32 2023
4095   442  4095  4095  4095  
   1   141    29  
1677150993 Thu Feb 23 16:46:32 2023
4095   438  4095  4095  4095  
   1   122    29  
1677150994 Thu Feb 23 16:46:34 2023
4095   438  4095  4095  4095  
   1   146    29  
1677150995 Thu Feb 23 16:46:34 2023
4095   429  4095  4095  4095  
   1   144    29  
1677150996 Thu Feb 23 16:46:35 2023
4095   547  4095  4095  4095  
   1   100    29  
1677150996 Thu Feb 23 16:46:36 2023
4095   440  4095  4095  4095  
   1   142    29  
1677150997 Thu Feb 23 16:46:36 2023
4095   433  4095  4095  4095  
   1   116    29  
1677150997 Thu Feb 23 16:46:37 2023
4095   443  4095  4095  4095  
   1   127    29  
1677150997 Thu Feb 23 16:46:37 2023
4095   436  4095  4095  4095  
   1   121    29  
1677150998 Thu Feb 23 16:46:38 2023
4095   479  4095  4095  4095  
   1   102    29  
1677150998 Thu Feb 23 16:46:38 2023
4095   433  4095  4095  4095  
   1   170    29  
1677150999 Thu Feb 23 16:46:38 2023
4095   437  4095  4095  4095  
   1   144    29  
1677150999 Thu Feb 23 16:46:39 2023
4095   457  4095  4095  4095  
   1    96    29  
1677151000 Thu Feb 23 16:46:39 2023
4095   426  4095  4095  4095  
   1   157    29  
1677151000 Thu Feb 23 16:46:40 2023
4095   470  4095  4095  4095  
   1   132    29  
1677151000 Thu Feb 23 16:46:40 2023
4095   394  4095  4095  4095  
   1   161    29  
1677151001 Thu Feb 23 16:46:41 2023
4095   425  4095  4095  4095  
   1   344    29  
1677151002 Thu Feb 23 16:46:41 2023
4095   445  4095  4095  4095  
   1   140    29  
1677151002 Thu Feb 23 16:46:42 2023
4095   458  4095  4095  4095  
   1   109    29  
1677151003 Thu Feb 23 16:46:42 2023
4095   429  4095  4095  4095  
   1   243    29  
1677151003 Thu Feb 23 16:46:43 2023
4095   456  4095  4095  4095  
   1   112    29  
1677151003 Thu Feb 23 16:46:43 2023
4095   459  4095  4095  4095  
   1   115    29  
1677151005 Thu Feb 23 16:46:44 2023
4095   463  4095  4095  4095  
   1    99    29  
1677151006 Thu Feb 23 16:46:45 2023
4095  4095  4095  4095  4095  
   1    80    29  
1677151006 Thu Feb 23 16:46:46 2023
4095   431  4095  4095  4095  
   1   113    29  
1677151006 Thu Feb 23 16:46:46 2023
4095   434  4095  4095  4095  
   1   151    29  
1677151006 Thu Feb 23 16:46:46 2023
4095   423  4095  4095  4095  
   1   122    29  
1677151007 Thu Feb 23 16:46:46 2023
4095   437  4095  4095  4095  
   1   170    29  
1677151007 Thu Feb 23 16:46:47 2023
4095   440  4095  4095  4095  
   1   166    29  
1677151007 Thu Feb 23 16:46:47 2023
4095   463  4095  4095  4095  
   1   102    29  
1677151008 Thu Feb 23 16:46:48 2023
4095   433  4095  4095  4095  
   1   216    29  
1677151009 Thu Feb 23 16:46:48 2023
4095   449  4095  4095  4095  
   1   116    29  
1677151009 Thu Feb 23 16:46:49 2023
4095   435  4095  4095  4095  
   1   132    29  
1677151009 Thu Feb 23 16:46:49 2023
4095   443  4095  4095  4095  
   1   127    29  
1677151010 Thu Feb 23 16:46:49 2023
4095   453  4095  4095  4095  
   1   128    29  
1677151010 Thu Feb 23 16:46:50 2023
4095   477  4095  4095  4095  
   1    95    29  
1677151011 Thu Feb 23 16:46:51 2023
4095   446  4095  4095  4095  
   1   105    29  
1677151011 Thu Feb 23 16:46:51 2023
4095   434  4095  4095  4095  
   1   224    29  
1677151011 Thu Feb 23 16:46:51 2023
4095   501  4095  4095  4095  
   1   130    29  
1677151012 Thu Feb 23 16:46:51 2023
4095  4095  4095  4095  4095  
   1    44    29  
1677151012 Thu Feb 23 16:46:52 2023
4095   421  4095  4095  4095  
   1   123    29  
1677151012 Thu Feb 23 16:46:52 2023
4095   456  4095  4095  4095  
   1   145    29  
1677151014 Thu Feb 23 16:46:54 2023
4095   450  4095  4095  4095  
   1    96    29  
1677151014 Thu Feb 23 16:46:54 2023
4095   457  4095  4095  4095  
   1    96    29  
1677151015 Thu Feb 23 16:46:55 2023
4095   447  4095  4095  4095  
   1    91    29  
1677151015 Thu Feb 23 16:46:55 2023
4095   433  4095  4095  4095  
   1   115    29  
1677151016 Thu Feb 23 16:46:55 2023
4095   449  4095  4095  4095  
   1   114    29  
1677151016 Thu Feb 23 16:46:56 2023
4095   415  4095  4095  4095  
   1   185    29  
1677151016 Thu Feb 23 16:46:56 2023
4095   457  4095  4095  4095  
   1   157    29  
1677151017 Thu Feb 23 16:46:57 2023
4095   459  4095  4095  4095  
   1   123    29  
1677151017 Thu Feb 23 16:46:57 2023
4095   465  4095  4095  4095  
   1   115    29  
1677151019 Thu Feb 23 16:46:58 2023
4095   442  4095  4095  4095  
   1   194    29  
1677151019 Thu Feb 23 16:46:59 2023
4095   432  4095  4095  4095  
   1   153    29  
1677151020 Thu Feb 23 16:47:00 2023
4095   433  4095  4095  4095  
   1   183    29  
1677151021 Thu Feb 23 16:47:01 2023
4095   443  4095  4095  4095  
   1   145    29  
1677151022 Thu Feb 23 16:47:01 2023
4095   433  4095  4095  4095  
   1   175    29  
1677151022 Thu Feb 23 16:47:02 2023
4095   431  4095  4095  4095  
   1   109    29  
1677151023 Thu Feb 23 16:47:03 2023
4095   443  4095  4095  4095  
   1   131    29  
1677151023 Thu Feb 23 16:47:03 2023
4095   440  4095  4095  4095  
   1   154    29  
1677151025 Thu Feb 23 16:47:04 2023
4095   439  4095  4095  4095  
   1   166    29  
1677151025 Thu Feb 23 16:47:05 2023
4095   469  4095  4095  4095  
   1   124    29  
1677151025 Thu Feb 23 16:47:05 2023
4095   424  4095  4095  4095  
   1   176    29  
1677151026 Thu Feb 23 16:47:05 2023
4095   453  4095  4095  4095  
   1   118    29  
1677151027 Thu Feb 23 16:47:06 2023
4095   495  4095  4095  4095  
   1    84    29  
1677151027 Thu Feb 23 16:47:07 2023
4095   434  4095  4095  4095  
   1   139    29  
1677151028 Thu Feb 23 16:47:08 2023
4095   431  4095  4095  4095  
   1   163    29  
1677151028 Thu Feb 23 16:47:08 2023
4095   462  4095  4095  4095  
   1   133    29  
1677151029 Thu Feb 23 16:47:08 2023
4095   441  4095  4095  4095  
   1   125    29  
1677151029 Thu Feb 23 16:47:09 2023
4095   463  4095  4095  4095  
   1   116    29  
1677151030 Thu Feb 23 16:47:10 2023
4095   407  4095  4095  4095  
   1   157    29  
1677151031 Thu Feb 23 16:47:11 2023
4095   439  4095  4095  4095  
   1   198    29  
1677151031 Thu Feb 23 16:47:11 2023
4095   446  4095  4095  4095  
   1   162    29  
1677151031 Thu Feb 23 16:47:11 2023
4095   419  4095  4095  4095  
   1   159    29  
1677151033 Thu Feb 23 16:47:13 2023
4095   434  4095  4095  4095  
   1   103    29  
1677151034 Thu Feb 23 16:47:13 2023
4095   412  4095  4095  4095  
   1   167    29  
1677151034 Thu Feb 23 16:47:14 2023
4095   441  4095  4095  4095  
   1   121    29  
1677151034 Thu Feb 23 16:47:14 2023
4095   442  4095  4095  4095  
   1   149    29  
1677151035 Thu Feb 23 16:47:15 2023
4095   445  4095  4095  4095  
   1   114    29  
1677151036 Thu Feb 23 16:47:15 2023
4095   569  4095  4095  4095  
   1    96    29  
1677151036 Thu Feb 23 16:47:16 2023
4095   439  4095  4095  4095  
   1   103    29  
1677151037 Thu Feb 23 16:47:17 2023
4095   433  4095  4095  4095  
   1   146    29  
1677151037 Thu Feb 23 16:47:17 2023
4095   471  4095  4095  4095  
   1    98    29  
1677151038 Thu Feb 23 16:47:18 2023
4095   434  4095  4095  4095  
   1   119    29  
1677151038 Thu Feb 23 16:47:18 2023
4095   456  4095  4095  4095  
   1   127    29  
1677151038 Thu Feb 23 16:47:18 2023
4095   437  4095  4095  4095  
   1   163    29  
1677151039 Thu Feb 23 16:47:19 2023
4095   435  4095  4095  4095  
   1   149    29  
1677151041 Thu Feb 23 16:47:21 2023
4095   629  4095  4095  4095  
   1   109    29  
1677151041 Thu Feb 23 16:47:21 2023
4095   477  4095  4095  4095  
   1   115    29  
1677151042 Thu Feb 23 16:47:22 2023
4095   470  4095  4095  4095  
   1   114    29  
1677151043 Thu Feb 23 16:47:23 2023
4095   437  4095  4095  4095  
   1   137    29  
1677151043 Thu Feb 23 16:47:23 2023
4095   471  4095  4095  4095  
   1    87    29  
1677151044 Thu Feb 23 16:47:23 2023
4095   440  4095  4095  4095  
   1    92    29  
1677151044 Thu Feb 23 16:47:24 2023
4095   443  4095  4095  4095  
   1   154    29  
1677151045 Thu Feb 23 16:47:24 2023
4095   434  4095  4095  4095  
   1   126    29  
1677151045 Thu Feb 23 16:47:25 2023
4095   411  4095  4095  4095  
   1   175    29  
1677151045 Thu Feb 23 16:47:25 2023
4095   448  4095  4095  4095  
   1   141    29  
1677151048 Thu Feb 23 16:47:27 2023
4095   435  4095  4095  4095  
   1   110    29  
1677151048 Thu Feb 23 16:47:28 2023
4095   476  4095  4095  4095  
   1    91    29  
1677151049 Thu Feb 23 16:47:29 2023
4095   457  4095  4095  4095  
   1   128    29  
1677151051 Thu Feb 23 16:47:31 2023
4095   424  4095  4095  4095  
   1   184    29  
1677151052 Thu Feb 23 16:47:32 2023
4095   447  4095  4095  4095  
   1   114    29  
1677151053 Thu Feb 23 16:47:32 2023
4095   438  4095  4095  4095  
   1   171    29  
1677151053 Thu Feb 23 16:47:33 2023
4095   453  4095  4095  4095  
   1   153    29  
1677151053 Thu Feb 23 16:47:33 2023
4095   445  4095  4095  4095  
   1   102    29  
1677151054 Thu Feb 23 16:47:34 2023
4095   437  4095  4095  4095  
   1   133    29  
1677151054 Thu Feb 23 16:47:34 2023
4095   431  4095  4095  4095  
   1   254    29  
1677151055 Thu Feb 23 16:47:35 2023
4095   442  4095  4095  4095  
   1   131    29  
1677151056 Thu Feb 23 16:47:36 2023
4095   450  4095  4095  4095  
   1   104    29  
1677151057 Thu Feb 23 16:47:37 2023
4095   423  4095  4095  4095  
   1   127    29  
1677151057 Thu Feb 23 16:47:37 2023
4095   427  4095  4095  4095  
   1   131    29  
1677151057 Thu Feb 23 16:47:37 2023
4095   440  4095  4095  4095  
   1   115    29  
1677151058 Thu Feb 23 16:47:38 2023
4095   432  4095  4095  4095  
   1   154    29  
1677151058 Thu Feb 23 16:47:38 2023
4095   445  4095  4095  4095  
   1   136    29  
1677151059 Thu Feb 23 16:47:38 2023
4095   433  4095  4095  4095  
   1   149    29  
1677151060 Thu Feb 23 16:47:40 2023
4095   443  4095  4095  4095  
   1   129    29  
1677151060 Thu Feb 23 16:47:40 2023
4095   435  4095  4095  4095  
   1   109    29  
1677151061 Thu Feb 23 16:47:40 2023
4095   439  4095  4095  4095  
   1   145    29  
1677151061 Thu Feb 23 16:47:41 2023
4095   411  4095  4095  4095  
   1   139    29  
1677151062 Thu Feb 23 16:47:42 2023
4095   436  4095  4095  4095  
   1   150    29  
1677151062 Thu Feb 23 16:47:42 2023
4095   438  4095  4095  4095  
   1   133    29  
1677151063 Thu Feb 23 16:47:43 2023
4095   424  4095  4095  4095  
   1   144    29  
1677151064 Thu Feb 23 16:47:43 2023
4095   447  4095  4095  4095  
   1   136    29  
1677151064 Thu Feb 23 16:47:44 2023
4095   439  4095  4095  4095  
   1   141    29  
1677151065 Thu Feb 23 16:47:44 2023
4095   436  4095  4095  4095  
   1   226    29  
1677151065 Thu Feb 23 16:47:45 2023
4095   423  4095  4095  4095  
   1   136    29  
1677151065 Thu Feb 23 16:47:45 2023
4095   440  4095  4095  4095  
   1   174    29  
1677151065 Thu Feb 23 16:47:45 2023
4095   432  4095  4095  4095  
   1   134    29  
1677151066 Thu Feb 23 16:47:46 2023
4095   435  4095  4095  4095  
   1   134    29  
1677151067 Thu Feb 23 16:47:46 2023
4095   535  4095  4095  4095  
   1   100    29  
1677151067 Thu Feb 23 16:47:47 2023
4095   441  4095  4095  4095  
   1   125    29  
1677151067 Thu Feb 23 16:47:47 2023
4095   421  4095  4095  4095  
   1   338    29  
1677151069 Thu Feb 23 16:47:49 2023
4095   448  4095  4095  4095  
   1   114    29  
1677151070 Thu Feb 23 16:47:50 2023
4095   468  4095  4095  4095  
   1    98    29  
1677151071 Thu Feb 23 16:47:51 2023
4095   439  4095  4095  4095  
   1   123    29  
1677151071 Thu Feb 23 16:47:51 2023
4095   436  4095  4095  4095  
   1   143    29  
1677151071 Thu Feb 23 16:47:51 2023
4095   443  4095  4095  4095  
   1   172    29  
1677151072 Thu Feb 23 16:47:52 2023
4095   427  4095  4095  4095  
   1   326    29  
1677151073 Thu Feb 23 16:47:53 2023
4095   463  4095  4095  4095  
   1   106    29  
1677151074 Thu Feb 23 16:47:54 2023
4095   432  4095  4095  4095  
   1   128    29  
1677151075 Thu Feb 23 16:47:55 2023
4095   446  4095  4095  4095  
   1    99    29  
1677151075 Thu Feb 23 16:47:55 2023
4095   439  4095  4095  4095  
   1   130    29  
1677151076 Thu Feb 23 16:47:56 2023
4095   431  4095  4095  4095  
   1   124    29  
1677151076 Thu Feb 23 16:47:56 2023
4095   445  4095  4095  4095  
   1   109    29  
1677151077 Thu Feb 23 16:47:56 2023
4095   419  4095  4095  4095  
   1   132    29  
1677151077 Thu Feb 23 16:47:57 2023
4095   468  4095  4095  4095  
   1   112    29  
1677151078 Thu Feb 23 16:47:57 2023
4095   432  4095  4095  4095  
   1   125    29  
1677151078 Thu Feb 23 16:47:58 2023
4095   478  4095  4095  4095  
   1   102    29  
1677151079 Thu Feb 23 16:47:58 2023
4095   434  4095  4095  4095  
   1   322    29  
1677151079 Thu Feb 23 16:47:59 2023
4095   420  4095  4095  4095  
   1   111    29  
1677151079 Thu Feb 23 16:47:59 2023
4095   454  4095  4095  4095  
   1    87    29  
1677151080 Thu Feb 23 16:48:00 2023
4095   451  4095  4095  4095  
   1   130    29  
1677151081 Thu Feb 23 16:48:01 2023
4095   436  4095  4095  4095  
   1   169    29  
1677151082 Thu Feb 23 16:48:02 2023
4095   438  4095  4095  4095  
   1   112    29  
1677151083 Thu Feb 23 16:48:02 2023
4095   447  4095  4095  4095  
   1   137    29  
1677151083 Thu Feb 23 16:48:03 2023
4095   441  4095  4095  4095  
   1   158    29  
1677151083 Thu Feb 23 16:48:03 2023
4095   470  4095  4095  4095  
   1   125    29  
1677151084 Thu Feb 23 16:48:03 2023
4095   434  4095  4095  4095  
   1   166    29  
1677151084 Thu Feb 23 16:48:04 2023
4095   475  4095  4095  4095  
   1   104    29  
1677151084 Thu Feb 23 16:48:04 2023
4095   445  4095  4095  4095  
   1   139    29  
1677151084 Thu Feb 23 16:48:04 2023
4095   448  4095  4095  4095  
   1   121    29  
1677151085 Thu Feb 23 16:48:05 2023
4095   421  4095  4095  4095  
   1   229    29  
1677151085 Thu Feb 23 16:48:05 2023
4095   436  4095  4095  4095  
   1   182    29  
1677151086 Thu Feb 23 16:48:06 2023
4095   420  4095  4095  4095  
   1   162    29  
1677151086 Thu Feb 23 16:48:06 2023
4095   408  4095  4095  4095  
   1   117    29  
1677151087 Thu Feb 23 16:48:07 2023
4095   449  4095  4095  4095  
   1   146    29  
1677151088 Thu Feb 23 16:48:08 2023
4095   437  4095  4095  4095  
   1   271    29  
1677151088 Thu Feb 23 16:48:08 2023
4095   440  4095  4095  4095  
   1   144    29  
1677151088 Thu Feb 23 16:48:08 2023
4095   427  4095  4095  4095  
   1   130    29  
1677151089 Thu Feb 23 16:48:09 2023
4095   454  4095  4095  4095  
   1   114    29  
1677151091 Thu Feb 23 16:48:10 2023
4095   449  4095  4095  4095  
   1    96    29  
1677151092 Thu Feb 23 16:48:12 2023
4095   437  4095  4095  4095  
   1   142    29  
1677151092 Thu Feb 23 16:48:12 2023
4095   457  4095  4095  4095  
   1   118    29  
1677151093 Thu Feb 23 16:48:12 2023
4095   438  4095  4095  4095  
   1   265    29  
1677151093 Thu Feb 23 16:48:13 2023
4095   436  4095  4095  4095  
   1   146    29  
1677151093 Thu Feb 23 16:48:13 2023
4095   454  4095  4095  4095  
   1    95    29  
1677151094 Thu Feb 23 16:48:13 2023
4095   432  4095  4095  4095  
   1   141    29  
1677151094 Thu Feb 23 16:48:14 2023
4095   445  4095  4095  4095  
   1   117    29  
1677151095 Thu Feb 23 16:48:15 2023
4095   453  4095  4095  4095  
   1   123    29  
1677151095 Thu Feb 23 16:48:15 2023
4095   437  4095  4095  4095  
   1   159    29  
1677151096 Thu Feb 23 16:48:16 2023
4095   447  4095  4095  4095  
   1   143    29  
1677151097 Thu Feb 23 16:48:17 2023
4095   479  4095  4095  4095  
   1   109    29  
1677151097 Thu Feb 23 16:48:17 2023
4095   444  4095  4095  4095  
   1    91    29  
1677151098 Thu Feb 23 16:48:17 2023
4095   447  4095  4095  4095  
   1    92    29  
1677151098 Thu Feb 23 16:48:18 2023
4095   450  4095  4095  4095  
   1   107    29  
1677151098 Thu Feb 23 16:48:18 2023
4095  4095  4095  4095  4095  
   1    82    29  
1677151099 Thu Feb 23 16:48:18 2023
4095   428  4095  4095  4095  
   1   178    29  
1677151099 Thu Feb 23 16:48:19 2023
4095   446  4095  4095  4095  
   1   113    29  
1677151100 Thu Feb 23 16:48:20 2023
4095   483  4095  4095  4095  
   1   109    29  
1677151100 Thu Feb 23 16:48:20 2023
4095   462  4095  4095  4095  
   1    96    29  
1677151101 Thu Feb 23 16:48:21 2023
4095   436  4095  4095  4095  
   1    95    29  
1677151101 Thu Feb 23 16:48:21 2023
4095   443  4095  4095  4095  
   1   116    29  
1677151103 Thu Feb 23 16:48:22 2023
4095   436  4095  4095  4095  
   1   187    29  
1677151103 Thu Feb 23 16:48:23 2023
4095   484  4095  4095  4095  
   1   110    29  
1677151103 Thu Feb 23 16:48:23 2023
4095   459  4095  4095  4095  
   1   116    29  
1677151104 Thu Feb 23 16:48:23 2023
4095   474  4095  4095  4095  
   1    89    29  
1677151104 Thu Feb 23 16:48:24 2023
4095   422  4095  4095  4095  
   1   116    29  
1677151105 Thu Feb 23 16:48:24 2023
4095   444  4095  4095  4095  
   1   110    29  
1677151105 Thu Feb 23 16:48:25 2023
4095   435  4095  4095  4095  
   1   146    29  
1677151105 Thu Feb 23 16:48:25 2023
4095   438  4095  4095  4095  
   1   164    29  
1677151106 Thu Feb 23 16:48:26 2023
4095   430  4095  4095  4095  
   1   149    29  
1677151107 Thu Feb 23 16:48:26 2023
4095   447  4095  4095  4095  
   1   149    29  
1677151107 Thu Feb 23 16:48:27 2023
4095   443  4095  4095  4095  
   1   137    29  
1677151108 Thu Feb 23 16:48:27 2023
4095   471  4095  4095  4095  
   1   109    29  
1677151108 Thu Feb 23 16:48:28 2023
4095   443  4095  4095  4095  
   1   117    29  
1677151109 Thu Feb 23 16:48:29 2023
4095   402  4095  4095  4095  
   1   140    29  
1677151109 Thu Feb 23 16:48:29 2023
4095   442  4095  4095  4095  
   1    91    29  
1677151110 Thu Feb 23 16:48:30 2023
4095   431  4095  4095  4095  
   1   119    29  
1677151110 Thu Feb 23 16:48:30 2023
4095   466  4095  4095  4095  
   1    99    29  
1677151111 Thu Feb 23 16:48:31 2023
4095   442  4095  4095  4095  
   1   111    29  
1677151111 Thu Feb 23 16:48:31 2023
4095   471  4095  4095  4095  
   1   137    29  
1677151112 Thu Feb 23 16:48:32 2023
4095   450  4095  4095  4095  
   1   155    29  
1677151114 Thu Feb 23 16:48:34 2023
4095   453  4095  4095  4095  
   1    88    29  
1677151115 Thu Feb 23 16:48:34 2023
4095   432  4095  4095  4095  
   1   167    29  
1677151115 Thu Feb 23 16:48:35 2023
4095   444  4095  4095  4095  
   1   167    29  
1677151116 Thu Feb 23 16:48:35 2023
4095   435  4095  4095  4095  
   1   191    29  
1677151116 Thu Feb 23 16:48:36 2023
4095   432  4095  4095  4095  
   1   121    29  
1677151116 Thu Feb 23 16:48:36 2023
4095   443  4095  4095  4095  
   1   104    29  
1677151116 Thu Feb 23 16:48:36 2023
4095   443  4095  4095  4095  
   1   119    29  
1677151117 Thu Feb 23 16:48:36 2023
4095   437  4095  4095  4095  
   1   277    29  
1677151117 Thu Feb 23 16:48:37 2023
4095   457  4095  4095  4095  
   1   119    29  
1677151117 Thu Feb 23 16:48:37 2023
4095   440  4095  4095  4095  
   1   111    29  
1677151118 Thu Feb 23 16:48:37 2023
4095   453  4095  4095  4095  
   1   140    29  
1677151118 Thu Feb 23 16:48:38 2023
4095   442  4095  4095  4095  
   1   176    29  
1677151118 Thu Feb 23 16:48:38 2023
4095   435  4095  4095  4095  
   1   121    29  
1677151119 Thu Feb 23 16:48:38 2023
4095   441  4095  4095  4095  
   1   111    29  
1677151121 Thu Feb 23 16:48:40 2023
4095   439  4095  4095  4095  
   1   113    29  
1677151122 Thu Feb 23 16:48:42 2023
4095   391  4095  4095  4095  
   1   147    29  
1677151123 Thu Feb 23 16:48:43 2023
4095   437  4095  4095  4095  
   1   121    29  
1677151123 Thu Feb 23 16:48:43 2023
4095   440  4095  4095  4095  
   1   204    29  
1677151124 Thu Feb 23 16:48:43 2023
4095   450  4095  4095  4095  
   1   106    29  
1677151124 Thu Feb 23 16:48:44 2023
4095   430  4095  4095  4095  
   1   225    29  
1677151124 Thu Feb 23 16:48:44 2023
4095   455  4095  4095  4095  
   1   131    29  
1677151125 Thu Feb 23 16:48:44 2023
4095   454  4095  4095  4095  
   1    94    29  
1677151125 Thu Feb 23 16:48:45 2023
4095   441  4095  4095  4095  
   1   253    29  
1677151125 Thu Feb 23 16:48:45 2023
4095   441  4095  4095  4095  
   1   139    29  
1677151126 Thu Feb 23 16:48:45 2023
4095   451  4095  4095  4095  
   1   157    29  
1677151126 Thu Feb 23 16:48:46 2023
4095   434  4095  4095  4095  
   1   158    29  
1677151126 Thu Feb 23 16:48:46 2023
4095   448  4095  4095  4095  
   1    89    29  
1677151127 Thu Feb 23 16:48:47 2023
4095   449  4095  4095  4095  
   1   143    29  
1677151128 Thu Feb 23 16:48:48 2023
4095   426  4095  4095  4095  
   1   248    29  
1677151129 Thu Feb 23 16:48:49 2023
4095   426  4095  4095  4095  
   1   106    29  
1677151129 Thu Feb 23 16:48:49 2023
4095   449  4095  4095  4095  
   1   107    29  
1677151130 Thu Feb 23 16:48:50 2023
4095   422  4095  4095  4095  
   1   129    29  
1677151131 Thu Feb 23 16:48:50 2023
4095   443  4095  4095  4095  
   1   110    29  
1677151131 Thu Feb 23 16:48:51 2023
4095   463  4095  4095  4095  
   1   213    29  
1677151131 Thu Feb 23 16:48:51 2023
4095   430  4095  4095  4095  
   1   140    29  
1677151132 Thu Feb 23 16:48:52 2023
4095   433  4095  4095  4095  
   1   111    29  
1677151132 Thu Feb 23 16:48:52 2023
4095   443  4095  4095  4095  
   1   122    29  
1677151132 Thu Feb 23 16:48:52 2023
4095   429  4095  4095  4095  
   1   148    29  
1677151133 Thu Feb 23 16:48:52 2023
4095   447  4095  4095  4095  
   1   116    29  
1677151133 Thu Feb 23 16:48:53 2023
4095   427  4095  4095  4095  
   1   129    29  
1677151133 Thu Feb 23 16:48:53 2023
4095   437  4095  4095  4095  
   1   128    29  
1677151134 Thu Feb 23 16:48:53 2023
4095   473  4095  4095  4095  
   1   101    29  
1677151134 Thu Feb 23 16:48:54 2023
4095   484  4095  4095  4095  
   1    84    29  
1677151135 Thu Feb 23 16:48:54 2023
4095   425  4095  4095  4095  
   1   140    29  
1677151135 Thu Feb 23 16:48:55 2023
4095   455  4095  4095  4095  
   1   108    29  
1677151135 Thu Feb 23 16:48:55 2023
4095   440  4095  4095  4095  
   1   160    29  
1677151136 Thu Feb 23 16:48:56 2023
4095   437  4095  4095  4095  
   1   112    29  
1677151137 Thu Feb 23 16:48:57 2023
4095   441  4095  4095  4095  
   1   129    29  
1677151138 Thu Feb 23 16:48:57 2023
4095   459  4095  4095  4095  
   1   115    29  
1677151138 Thu Feb 23 16:48:58 2023
4095   440  4095  4095  4095  
   1   151    29  
1677151138 Thu Feb 23 16:48:58 2023
4095   499  4095  4095  4095  
   1   109    29  
1677151138 Thu Feb 23 16:48:58 2023
4095   440  4095  4095  4095  
   1   223    29  
1677151139 Thu Feb 23 16:48:59 2023
4095   441  4095  4095  4095  
   1   181    29  
1677151140 Thu Feb 23 16:48:59 2023
4095   436  4095  4095  4095  
   1   159    29  
1677151140 Thu Feb 23 16:49:00 2023
4095   445  4095  4095  4095  
   1    94    29  
1677151140 Thu Feb 23 16:49:00 2023
4095   434  4095  4095  4095  
   1   105    29  
1677151141 Thu Feb 23 16:49:00 2023
4095   436  4095  4095  4095  
   1   211    29  
1677151141 Thu Feb 23 16:49:01 2023
4095   440  4095  4095  4095  
   1   164    29  
1677151141 Thu Feb 23 16:49:01 2023
4095   434  4095  4095  4095  
   1   102    29  
1677151142 Thu Feb 23 16:49:01 2023
4095   442  4095  4095  4095  
   1   136    29  
1677151142 Thu Feb 23 16:49:02 2023
4095   433  4095  4095  4095  
   1   141    29  
1677151143 Thu Feb 23 16:49:02 2023
4095   436  4095  4095  4095  
   1   186    29  
1677151143 Thu Feb 23 16:49:03 2023
4095   441  4095  4095  4095  
   1   237    29  
1677151144 Thu Feb 23 16:49:03 2023
4095   437  4095  4095  4095  
   1   151    29  
1677151144 Thu Feb 23 16:49:04 2023
4095   441  4095  4095  4095  
   1   132    29  
1677151145 Thu Feb 23 16:49:04 2023
4095   466  4095  4095  4095  
   1   151    29  
1677151145 Thu Feb 23 16:49:05 2023
4095   429  4095  4095  4095  
   1   213    29  
1677151145 Thu Feb 23 16:49:05 2023
4095   502  4095  4095  4095  
   1   106    29  
1677151146 Thu Feb 23 16:49:06 2023
4095   433  4095  4095  4095  
   1   141    29  
1677151146 Thu Feb 23 16:49:06 2023
4095   427  4095  4095  4095  
   1   330    29  
1677151146 Thu Feb 23 16:49:06 2023
4095   449  4095  4095  4095  
   1   180    29  
1677151146 Thu Feb 23 16:49:06 2023
4095   477  4095  4095  4095  
   1    96    29  
1677151147 Thu Feb 23 16:49:07 2023
4095   447  4095  4095  4095  
   1    91    29  
1677151148 Thu Feb 23 16:49:08 2023
4095   450  4095  4095  4095  
   1   105    29  
1677151149 Thu Feb 23 16:49:09 2023
4095   426  4095  4095  4095  
   1   118    29  
1677151150 Thu Feb 23 16:49:09 2023
4095  4095  4095  4095  4095  
   1    44    29  
1677151150 Thu Feb 23 16:49:10 2023
4095   435  4095  4095  4095  
   1   137    29  
1677151151 Thu Feb 23 16:49:11 2023
4095   434  4095  4095  4095  
   1   170    29  
1677151151 Thu Feb 23 16:49:11 2023
4095   444  4095  4095  4095  
   1   155    29  
1677151152 Thu Feb 23 16:49:12 2023
4095   439  4095  4095  4095  
   1   149    29  
1677151152 Thu Feb 23 16:49:12 2023
4095   439  4095  4095  4095  
   1   104    29  
1677151153 Thu Feb 23 16:49:12 2023
4095   455  4095  4095  4095  
   1    99    29  
1677151154 Thu Feb 23 16:49:14 2023
4095   447  4095  4095  4095  
   1   202    29  
1677151154 Thu Feb 23 16:49:14 2023
4095   449  4095  4095  4095  
   1   147    29  
1677151155 Thu Feb 23 16:49:14 2023
4095   468  4095  4095  4095  
   1   109    29  
1677151155 Thu Feb 23 16:49:15 2023
4095   440  4095  4095  4095  
   1   153    29  
1677151155 Thu Feb 23 16:49:15 2023
4095   444  4095  4095  4095  
   1   105    29  
1677151156 Thu Feb 23 16:49:15 2023
4095   441  4095  4095  4095  
   1   116    29  
1677151156 Thu Feb 23 16:49:16 2023
4095   439  4095  4095  4095  
   1   159    29  
1677151158 Thu Feb 23 16:49:18 2023
4095  4095  4095  4095  4095  
   1    43    29  
1677151158 Thu Feb 23 16:49:18 2023
4095   465  4095  4095  4095  
   1   109    29  
1677151159 Thu Feb 23 16:49:19 2023
4095   446  4095  4095  4095  
   1   141    29  
1677151162 Thu Feb 23 16:49:22 2023
4095   452  4095  4095  4095  
   1   111    29  
1677151162 Thu Feb 23 16:49:22 2023
4095   439  4095  4095  4095  
   1   112    29  
1677151163 Thu Feb 23 16:49:22 2023
4095   440  4095  4095  4095  
   1   137    29  
1677151163 Thu Feb 23 16:49:23 2023
4095   429  4095  4095  4095  
   1   119    29  
1677151164 Thu Feb 23 16:49:24 2023
4095   452  4095  4095  4095  
   1   113    29  
1677151164 Thu Feb 23 16:49:24 2023
4095   442  4095  4095  4095  
   1   108    29  
1677151165 Thu Feb 23 16:49:24 2023
4095   423  4095  4095  4095  
   1   132    29  
1677151165 Thu Feb 23 16:49:25 2023
4095   454  4095  4095  4095  
   1   130    29  
1677151165 Thu Feb 23 16:49:25 2023
4095   439  4095  4095  4095  
   1   101    29  
1677151166 Thu Feb 23 16:49:26 2023
4095   435  4095  4095  4095  
   1   158    29  
1677151167 Thu Feb 23 16:49:26 2023
4095   441  4095  4095  4095  
   1   105    29  
1677151167 Thu Feb 23 16:49:27 2023
4095   439  4095  4095  4095  
   1   112    29  
1677151167 Thu Feb 23 16:49:27 2023
4095   466  4095  4095  4095  
   1    96    29  
1677151168 Thu Feb 23 16:49:28 2023
4095   434  4095  4095  4095  
   1   157    29  
1677151168 Thu Feb 23 16:49:28 2023
4095   444  4095  4095  4095  
   1   179    29  
1677151168 Thu Feb 23 16:49:28 2023
4095   431  4095  4095  4095  
   1   179    29  
1677151168 Thu Feb 23 16:49:28 2023
4095   435  4095  4095  4095  
   1   121    29  
1677151169 Thu Feb 23 16:49:29 2023
4095   510  4095  4095  4095  
   1   104    29  
1677151169 Thu Feb 23 16:49:29 2023
4095   440  4095  4095  4095  
   1   113    29  
1677151169 Thu Feb 23 16:49:29 2023
4095   466  4095  4095  4095  
   1    95    29  
1677151170 Thu Feb 23 16:49:29 2023
4095   448  4095  4095  4095  
   1   110    29  
1677151170 Thu Feb 23 16:49:30 2023
4095   464  4095  4095  4095  
   1   145    29  
1677151171 Thu Feb 23 16:49:30 2023
4095   441  4095  4095  4095  
   1   132    29  
1677151171 Thu Feb 23 16:49:31 2023
4095   409  4095  4095  4095  
   1   143    29  
1677151173 Thu Feb 23 16:49:33 2023
4095   471  4095  4095  4095  
   1    96    29  
1677151174 Thu Feb 23 16:49:34 2023
4095   436  4095  4095  4095  
   1   116    29  
1677151174 Thu Feb 23 16:49:34 2023
4095   460  4095  4095  4095  
   1   131    29  
1677151175 Thu Feb 23 16:49:34 2023
4095   418  4095  4095  4095  
   1   128    29  
1677151175 Thu Feb 23 16:49:35 2023
4095   446  4095  4095  4095  
   1    97    29  
1677151175 Thu Feb 23 16:49:35 2023
4095   430  4095  4095  4095  
   1   124    29  
1677151176 Thu Feb 23 16:49:36 2023
4095   437  4095  4095  4095  
   1   124    29  
1677151177 Thu Feb 23 16:49:37 2023
4095   457  4095  4095  4095  
   1   124    29  
1677151177 Thu Feb 23 16:49:37 2023
4095   442  4095  4095  4095  
   1   155    29  
1677151179 Thu Feb 23 16:49:38 2023
4095   419  4095  4095  4095  
   1   165    29  
1677151179 Thu Feb 23 16:49:39 2023
4095   453  4095  4095  4095  
   1   156    29  
1677151179 Thu Feb 23 16:49:39 2023
4095   430  4095  4095  4095  
   1   142    29  
1677151179 Thu Feb 23 16:49:39 2023
4095   425  4095  4095  4095  
   1   161    29  
1677151180 Thu Feb 23 16:49:40 2023
4095   464  4095  4095  4095  
   1   102    29  
1677151180 Thu Feb 23 16:49:40 2023
4095   439  4095  4095  4095  
   1   123    29  
1677151181 Thu Feb 23 16:49:41 2023
4095   449  4095  4095  4095  
   1   129    29  
1677151181 Thu Feb 23 16:49:41 2023
4095   444  4095  4095  4095  
   1   118    29  
1677151182 Thu Feb 23 16:49:42 2023
4095   428  4095  4095  4095  
   1   135    29  
1677151183 Thu Feb 23 16:49:42 2023
4095   477  4095  4095  4095  
   1   128    29  
1677151183 Thu Feb 23 16:49:43 2023
4095   431  4095  4095  4095  
   1   154    29  
1677151183 Thu Feb 23 16:49:43 2023
4095   462  4095  4095  4095  
   1   114    29  
1677151184 Thu Feb 23 16:49:44 2023
4095   448  4095  4095  4095  
   1   136    29  
1677151184 Thu Feb 23 16:49:44 2023
4095   452  4095  4095  4095  
   1   169    29  
1677151185 Thu Feb 23 16:49:45 2023
4095   449  4095  4095  4095  
   1   139    29  
1677151186 Thu Feb 23 16:49:45 2023
4095   448  4095  4095  4095  
   1   101    29  
1677151186 Thu Feb 23 16:49:46 2023
4095   445  4095  4095  4095  
   1   134    29  
1677151186 Thu Feb 23 16:49:46 2023
4095   475  4095  4095  4095  
   1   113    29  
1677151188 Thu Feb 23 16:49:47 2023
4095   431  4095  4095  4095  
   1   146    29  
1677151188 Thu Feb 23 16:49:48 2023
4095   426  4095  4095  4095  
   1   256    29  
1677151189 Thu Feb 23 16:49:49 2023
4095   421  4095  4095  4095  
   1   457    29  
1677151189 Thu Feb 23 16:49:49 2023
4095   437  4095  4095  4095  
   1   137    29  
1677151190 Thu Feb 23 16:49:49 2023
4095   434  4095  4095  4095  
   1   182    29  
1677151190 Thu Feb 23 16:49:50 2023
4095   441  4095  4095  4095  
   1   115    29  
1677151190 Thu Feb 23 16:49:50 2023
4095   503  4095  4095  4095  
   1    97    29  
1677151191 Thu Feb 23 16:49:50 2023
4095   428  4095  4095  4095  
   1   196    29  
1677151191 Thu Feb 23 16:49:51 2023
4095   449  4095  4095  4095  
   1   167    29  
1677151192 Thu Feb 23 16:49:52 2023
4095   474  4095  4095  4095  
   1   102    29  
1677151193 Thu Feb 23 16:49:53 2023
4095   443  4095  4095  4095  
   1   107    29  
1677151193 Thu Feb 23 16:49:53 2023
4095   445  4095  4095  4095  
   1   140    29  
1677151194 Thu Feb 23 16:49:53 2023
4095   447  4095  4095  4095  
   1   143    29  
1677151194 Thu Feb 23 16:49:54 2023
4095   440  4095  4095  4095  
   1   191    29  
1677151194 Thu Feb 23 16:49:54 2023
4095   434  4095  4095  4095  
   1   110    29  
1677151195 Thu Feb 23 16:49:55 2023
4095  4095  4095  4095  4095  
   1    86    29  
1677151195 Thu Feb 23 16:49:55 2023
4095   431  4095  4095  4095  
   1   147    29  
1677151196 Thu Feb 23 16:49:56 2023
4095   458  4095  4095  4095  
   1   141    29  
1677151197 Thu Feb 23 16:49:57 2023
4095   481  4095  4095  4095  
   1    97    29  
1677151198 Thu Feb 23 16:49:58 2023
4095   433  4095  4095  4095  
   1   128    29  
1677151198 Thu Feb 23 16:49:58 2023
4095   462  4095  4095  4095  
   1   115    29  
1677151198 Thu Feb 23 16:49:58 2023
4095   459  4095  4095  4095  
   1   126    29  
1677151199 Thu Feb 23 16:49:58 2023
4095   463  4095  4095  4095  
   1   123    29  
1677151199 Thu Feb 23 16:49:59 2023
4095   440  4095  4095  4095  
   1   239    29  
1677151200 Thu Feb 23 16:49:59 2023
4095   434  4095  4095  4095  
   1   126    29  
1677151200 Thu Feb 23 16:50:00 2023
4095   461  4095  4095  4095  
   1   152    29  
1677151200 Thu Feb 23 16:50:00 2023
4095   437  4095  4095  4095  
   1   150    29  
1677151201 Thu Feb 23 16:50:00 2023
4095   444  4095  4095  4095  
   1   175    29  
1677151203 Thu Feb 23 16:50:02 2023
4095   447  4095  4095  4095  
   1    98    29  
1677151203 Thu Feb 23 16:50:03 2023
4095   469  4095  4095  4095  
   1    99    29  
1677151203 Thu Feb 23 16:50:03 2023
4095   435  4095  4095  4095  
   1   295    29  
1677151203 Thu Feb 23 16:50:03 2023
4095   428  4095  4095  4095  
   1   221    29  
1677151204 Thu Feb 23 16:50:04 2023
4095   442  4095  4095  4095  
   1   149    29  
1677151205 Thu Feb 23 16:50:05 2023
4095   456  4095  4095  4095  
   1   116    29  
1677151205 Thu Feb 23 16:50:05 2023
4095   429  4095  4095  4095  
   1   188    29  
1677151206 Thu Feb 23 16:50:05 2023
4095   447  4095  4095  4095  
   1   145    29  
1677151206 Thu Feb 23 16:50:06 2023
4095   440  4095  4095  4095  
   1   138    29  
1677151206 Thu Feb 23 16:50:06 2023
4095   444  4095  4095  4095  
   1   173    29  
1677151207 Thu Feb 23 16:50:06 2023
4095   441  4095  4095  4095  
   1   190    29  
1677151207 Thu Feb 23 16:50:07 2023
4095   452  4095  4095  4095  
   1   168    29  
1677151207 Thu Feb 23 16:50:07 2023
4095   406  4095  4095  4095  
   1   209    29  
1677151208 Thu Feb 23 16:50:08 2023
4095   441  4095  4095  4095  
   1   153    29  
1677151209 Thu Feb 23 16:50:09 2023
4095   442  4095  4095  4095  
   1   104    29  
1677151210 Thu Feb 23 16:50:10 2023
4095   435  4095  4095  4095  
   1   126    29  
1677151210 Thu Feb 23 16:50:10 2023
4095   454  4095  4095  4095  
   1   104    29  
1677151210 Thu Feb 23 16:50:10 2023
4095   432  4095  4095  4095  
   1   211    29  
1677151211 Thu Feb 23 16:50:11 2023
4095   434  4095  4095  4095  
   1   131    29  
1677151211 Thu Feb 23 16:50:11 2023
4095   421  4095  4095  4095  
   1   139    29  
1677151212 Thu Feb 23 16:50:12 2023
4095   415  4095  4095  4095  
   1   145    29  
1677151214 Thu Feb 23 16:50:14 2023
4095   433  4095  4095  4095  
   1   133    29  
1677151215 Thu Feb 23 16:50:15 2023
4095   455  4095  4095  4095  
   1   125    29  
1677151216 Thu Feb 23 16:50:16 2023
4095   449  4095  4095  4095  
   1   123    29  
1677151217 Thu Feb 23 16:50:17 2023
4095   443  4095  4095  4095  
   1   131    29  
1677151218 Thu Feb 23 16:50:18 2023
4095   452  4095  4095  4095  
   1   112    29  
1677151219 Thu Feb 23 16:50:19 2023
4095   434  4095  4095  4095  
   1   243    29  
1677151220 Thu Feb 23 16:50:19 2023
4095   442  4095  4095  4095  
   1   146    29  
1677151221 Thu Feb 23 16:50:21 2023
4095   436  4095  4095  4095  
   1   124    29  
1677151222 Thu Feb 23 16:50:22 2023
4095   448  4095  4095  4095  
   1   120    29  
1677151222 Thu Feb 23 16:50:22 2023
4095   441  4095  4095  4095  
   1   140    29  
1677151222 Thu Feb 23 16:50:22 2023
4095   442  4095  4095  4095  
   1   105    29  
1677151223 Thu Feb 23 16:50:22 2023
4095   440  4095  4095  4095  
   1   133    29  
1677151223 Thu Feb 23 16:50:23 2023
4095   390  4095  4095  4095  
   1   138    29  
1677151224 Thu Feb 23 16:50:23 2023
4095   457  4095  4095  4095  
   1   124    29  
1677151224 Thu Feb 23 16:50:24 2023
4095   452  4095  4095  4095  
   1   114    29  
1677151225 Thu Feb 23 16:50:24 2023
4095   442  4095  4095  4095  
   1   141    29  
1677151225 Thu Feb 23 16:50:25 2023
4095   445  4095  4095  4095  
   1   144    29  
1677151225 Thu Feb 23 16:50:25 2023
4095   422  4095  4095  4095  
   1   343    29  
1677151226 Thu Feb 23 16:50:25 2023
4095   472  4095  4095  4095  
   1   119    29  
1677151226 Thu Feb 23 16:50:26 2023
4095   438  4095  4095  4095  
   1   136    29  
1677151227 Thu Feb 23 16:50:26 2023
4095   431  4095  4095  4095  
   1   213    29  
1677151228 Thu Feb 23 16:50:27 2023
4095   434  4095  4095  4095  
   1   182    29  
1677151228 Thu Feb 23 16:50:28 2023
4095   426  4095  4095  4095  
   1   119    29  
1677151228 Thu Feb 23 16:50:28 2023
4095   439  4095  4095  4095  
   1   169    29  
1677151229 Thu Feb 23 16:50:29 2023
4095   433  4095  4095  4095  
   1   216    29  
1677151230 Thu Feb 23 16:50:30 2023
4095   413  4095  4095  4095  
   1   202    29  
1677151230 Thu Feb 23 16:50:30 2023
4095   434  4095  4095  4095  
   1    87    29  
1677151231 Thu Feb 23 16:50:30 2023
4095   428  4095  4095  4095  
   1   114    29  
1677151231 Thu Feb 23 16:50:31 2023
4095   435  4095  4095  4095  
   1   123    29  
1677151231 Thu Feb 23 16:50:31 2023
4095   438  4095  4095  4095  
   1   150    29  
1677151232 Thu Feb 23 16:50:32 2023
4095   433  4095  4095  4095  
   1   130    29  
1677151232 Thu Feb 23 16:50:32 2023
4095   423  4095  4095  4095  
   1   154    29  
1677151233 Thu Feb 23 16:50:32 2023
4095   405  4095  4095  4095  
   1   236    29  
1677151233 Thu Feb 23 16:50:33 2023
4095   497  4095  4095  4095  
   1    96    29  
1677151233 Thu Feb 23 16:50:33 2023
4095   471  4095  4095  4095  
   1   104    29  
1677151233 Thu Feb 23 16:50:33 2023
4095   450  4095  4095  4095  
   1   132    29  
1677151234 Thu Feb 23 16:50:34 2023
4095   475  4095  4095  4095  
   1    97    29  
1677151235 Thu Feb 23 16:50:35 2023
4095   449  4095  4095  4095  
   1   105    29  
1677151235 Thu Feb 23 16:50:35 2023
4095   437  4095  4095  4095  
   1   107    29  
1677151236 Thu Feb 23 16:50:35 2023
4095   481  4095  4095  4095  
   1   101    29  
1677151236 Thu Feb 23 16:50:36 2023
4095   436  4095  4095  4095  
   1   212    29  
1677151237 Thu Feb 23 16:50:37 2023
4095   440  4095  4095  4095  
   1   147    29  
1677151237 Thu Feb 23 16:50:37 2023
4095   430  4095  4095  4095  
   1   246    29  
1677151238 Thu Feb 23 16:50:38 2023
4095   437  4095  4095  4095  
   1   172    29  
1677151239 Thu Feb 23 16:50:38 2023
4095   447  4095  4095  4095  
   1   117    29  
1677151239 Thu Feb 23 16:50:39 2023
4095  4095  4095  4095  4095  
   1    89    29  
1677151239 Thu Feb 23 16:50:39 2023
4095   435  4095  4095  4095  
   1   206    29  
1677151239 Thu Feb 23 16:50:39 2023
4095   434  4095  4095  4095  
   1   140    29  
1677151241 Thu Feb 23 16:50:41 2023
4095   435  4095  4095  4095  
   1   132    29  
1677151241 Thu Feb 23 16:50:41 2023
4095   447  4095  4095  4095  
   1   136    29  
1677151242 Thu Feb 23 16:50:41 2023
4095   398  4095  4095  4095  
   1   269    29  
1677151242 Thu Feb 23 16:50:42 2023
4095   429  4095  4095  4095  
   1   369    29  
1677151244 Thu Feb 23 16:50:43 2023
4095   440  4095  4095  4095  
   1   140    29  
1677151244 Thu Feb 23 16:50:44 2023
4095   439  4095  4095  4095  
   1   129    29  
1677151244 Thu Feb 23 16:50:44 2023
4095   427  4095  4095  4095  
   1   181    29  
1677151245 Thu Feb 23 16:50:44 2023
4095   453  4095  4095  4095  
   1   107    29  
1677151245 Thu Feb 23 16:50:45 2023
4095   457  4095  4095  4095  
   1   123    29  
1677151246 Thu Feb 23 16:50:46 2023
4095   445  4095  4095  4095  
   1   139    29  
1677151246 Thu Feb 23 16:50:46 2023
4095   432  4095  4095  4095  
   1   220    29  
1677151247 Thu Feb 23 16:50:47 2023
4095   427  4095  4095  4095  
   1   126    29  
1677151247 Thu Feb 23 16:50:47 2023
4095   457  4095  4095  4095  
   1   118    29  
1677151249 Thu Feb 23 16:50:49 2023
4095   450  4095  4095  4095  
   1   155    29  
1677151249 Thu Feb 23 16:50:49 2023
4095   439  4095  4095  4095  
   1   104    29  
1677151249 Thu Feb 23 16:50:49 2023
4095   449  4095  4095  4095  
   1   114    29  
1677151251 Thu Feb 23 16:50:50 2023
4095   443  4095  4095  4095  
   1   129    29  
1677151252 Thu Feb 23 16:50:51 2023
4095   434  4095  4095  4095  
   1   123    29  
1677151253 Thu Feb 23 16:50:53 2023
4095   440  4095  4095  4095  
   1   106    29  
1677151254 Thu Feb 23 16:50:53 2023
4095   440  4095  4095  4095  
   1   173    29  
1677151255 Thu Feb 23 16:50:54 2023
4095   442  4095  4095  4095  
   1   132    29  
1677151256 Thu Feb 23 16:50:56 2023
4095   437  4095  4095  4095  
   1   117    29  
1677151257 Thu Feb 23 16:50:56 2023
4095   429  4095  4095  4095  
   1   194    29  
1677151259 Thu Feb 23 16:50:58 2023
4095   438  4095  4095  4095  
   1   120    29  
1677151259 Thu Feb 23 16:50:59 2023
4095   436  4095  4095  4095  
   1   110    29  
1677151259 Thu Feb 23 16:50:59 2023
4095   440  4095  4095  4095  
   1   178    29  
1677151259 Thu Feb 23 16:50:59 2023
4095   443  4095  4095  4095  
   1   121    29  
1677151260 Thu Feb 23 16:50:59 2023
4095   437  4095  4095  4095  
   1   140    29  
1677151261 Thu Feb 23 16:51:01 2023
4095   440  4095  4095  4095  
   1   164    29  
1677151262 Thu Feb 23 16:51:01 2023
4095   414  4095  4095  4095  
   1   181    29  
1677151262 Thu Feb 23 16:51:02 2023
4095   441  4095  4095  4095  
   1   142    29  
1677151263 Thu Feb 23 16:51:03 2023
4095   444  4095  4095  4095  
   1   146    29  
1677151264 Thu Feb 23 16:51:03 2023
4095   440  4095  4095  4095  
   1    81    29  
1677151264 Thu Feb 23 16:51:04 2023
4095   445  4095  4095  4095  
   1   142    29  
1677151265 Thu Feb 23 16:51:04 2023
4095   445  4095  4095  4095  
   1   167    29  
1677151265 Thu Feb 23 16:51:05 2023
4095   458  4095  4095  4095  
   1   134    29  
1677151265 Thu Feb 23 16:51:05 2023
4095   418  4095  4095  4095  
   1   142    29  
1677151266 Thu Feb 23 16:51:05 2023
4095   442  4095  4095  4095  
   1   138    29  
1677151266 Thu Feb 23 16:51:06 2023
4095   571  4095  4095  4095  
   1    98    29  
1677151268 Thu Feb 23 16:51:07 2023
4095   445  4095  4095  4095  
   1   114    29  
1677151269 Thu Feb 23 16:51:08 2023
4095   442  4095  4095  4095  
   1   126    29  
1677151269 Thu Feb 23 16:51:09 2023
4095   429  4095  4095  4095  
   1   195    29  
1677151269 Thu Feb 23 16:51:09 2023
4095   475  4095  4095  4095  
   1    95    29  
1677151269 Thu Feb 23 16:51:09 2023
4095   440  4095  4095  4095  
   1   162    29  
1677151270 Thu Feb 23 16:51:10 2023
4095   431  4095  4095  4095  
   1   221    29  
1677151270 Thu Feb 23 16:51:10 2023
4095   441  4095  4095  4095  
   1   226    29  
1677151271 Thu Feb 23 16:51:10 2023
4095   471  4095  4095  4095  
   1   125    29  
1677151271 Thu Feb 23 16:51:11 2023
4095   459  4095  4095  4095  
   1   115    29  
1677151272 Thu Feb 23 16:51:11 2023
4095   435  4095  4095  4095  
   1   226    29  
1677151272 Thu Feb 23 16:51:12 2023
4095   442  4095  4095  4095  
   1   123    29  
1677151273 Thu Feb 23 16:51:12 2023
4095   444  4095  4095  4095  
   1   105    29  
1677151273 Thu Feb 23 16:51:13 2023
4095   430  4095  4095  4095  
   1   117    29  
1677151273 Thu Feb 23 16:51:13 2023
4095   434  4095  4095  4095  
   1   106    29  
1677151274 Thu Feb 23 16:51:13 2023
4095   442  4095  4095  4095  
   1   126    29  
1677151274 Thu Feb 23 16:51:14 2023
4095   443  4095  4095  4095  
   1   138    29  
1677151275 Thu Feb 23 16:51:15 2023
4095   462  4095  4095  4095  
   1   101    29  
1677151277 Thu Feb 23 16:51:16 2023
4095   439  4095  4095  4095  
   1   100    29  
1677151277 Thu Feb 23 16:51:17 2023
4095   445  4095  4095  4095  
   1   175    29  
1677151278 Thu Feb 23 16:51:18 2023
4095   443  4095  4095  4095  
   1    92    29  
1677151279 Thu Feb 23 16:51:19 2023
4095   455  4095  4095  4095  
   1   133    29  
1677151279 Thu Feb 23 16:51:19 2023
4095  4095  4095  4095  4095  
   1    88    29  
1677151280 Thu Feb 23 16:51:19 2023
4095   457  4095  4095  4095  
   1   128    29  
1677151280 Thu Feb 23 16:51:20 2023
4095   440  4095  4095  4095  
   1   132    29  
1677151281 Thu Feb 23 16:51:20 2023
4095   479  4095  4095  4095  
   1    91    29  
1677151283 Thu Feb 23 16:51:22 2023
4095   441  4095  4095  4095  
   1   109    29  
1677151283 Thu Feb 23 16:51:23 2023
4095   454  4095  4095  4095  
   1   116    29  
1677151284 Thu Feb 23 16:51:23 2023
4095   484  4095  4095  4095  
   1    79    29  
1677151284 Thu Feb 23 16:51:24 2023
4095   465  4095  4095  4095  
   1   134    29  
1677151284 Thu Feb 23 16:51:24 2023
4095   440  4095  4095  4095  
   1   140    29  
1677151286 Thu Feb 23 16:51:25 2023
4095   440  4095  4095  4095  
   1   124    29  
1677151286 Thu Feb 23 16:51:26 2023
4095   453  4095  4095  4095  
   1   109    29  
1677151287 Thu Feb 23 16:51:26 2023
4095   439  4095  4095  4095  
   1   115    29  
1677151287 Thu Feb 23 16:51:27 2023
4095   475  4095  4095  4095  
   1   122    29  
1677151287 Thu Feb 23 16:51:27 2023
4095   436  4095  4095  4095  
   1   117    29  
1677151287 Thu Feb 23 16:51:27 2023
4095   442  4095  4095  4095  
   1   104    29  
1677151288 Thu Feb 23 16:51:28 2023
4095   414  4095  4095  4095  
   1   199    29  
1677151289 Thu Feb 23 16:51:29 2023
4095   442  4095  4095  4095  
   1   133    29  
1677151289 Thu Feb 23 16:51:29 2023
4095   482  4095  4095  4095  
   1   126    29  
1677151290 Thu Feb 23 16:51:30 2023
4095   429  4095  4095  4095  
   1   148    29  
1677151290 Thu Feb 23 16:51:30 2023
4095   440  4095  4095  4095  
   1   218    29  
1677151292 Thu Feb 23 16:51:31 2023
4095   492  4095  4095  4095  
   1   112    29  
1677151292 Thu Feb 23 16:51:32 2023
4095   439  4095  4095  4095  
   1   110    29  
1677151293 Thu Feb 23 16:51:33 2023
4095   454  4095  4095  4095  
   1   112    29  
1677151293 Thu Feb 23 16:51:33 2023
4095   456  4095  4095  4095  
   1   192    29  
1677151294 Thu Feb 23 16:51:34 2023
4095   437  4095  4095  4095  
   1   128    29  
1677151295 Thu Feb 23 16:51:35 2023
4095   434  4095  4095  4095  
   1   158    29  
1677151295 Thu Feb 23 16:51:35 2023
4095   440  4095  4095  4095  
   1   117    29  
1677151296 Thu Feb 23 16:51:36 2023
4095   431  4095  4095  4095  
   1   156    29  
1677151296 Thu Feb 23 16:51:36 2023
4095   439  4095  4095  4095  
   1   202    29  
1677151297 Thu Feb 23 16:51:37 2023
4095   439  4095  4095  4095  
   1   126    29  
1677151297 Thu Feb 23 16:51:37 2023
4095   451  4095  4095  4095  
   1   100    29  
1677151299 Thu Feb 23 16:51:38 2023
4095   439  4095  4095  4095  
   1   157    29  
1677151299 Thu Feb 23 16:51:39 2023
4095   439  4095  4095  4095  
   1   122    29  
1677151300 Thu Feb 23 16:51:40 2023
4095   466  4095  4095  4095  
   1   112    29  
1677151301 Thu Feb 23 16:51:40 2023
4095   433  4095  4095  4095  
   1   105    29  
1677151301 Thu Feb 23 16:51:41 2023
4095   445  4095  4095  4095  
   1   255    29  
1677151302 Thu Feb 23 16:51:41 2023
4095   445  4095  4095  4095  
   1    95    29  
1677151304 Thu Feb 23 16:51:43 2023
4095   417  4095  4095  4095  
   1   131    29  
1677151304 Thu Feb 23 16:51:44 2023
4095   443  4095  4095  4095  
   1   149    29  
1677151304 Thu Feb 23 16:51:44 2023
4095   426  4095  4095  4095  
   1   130    29  
1677151305 Thu Feb 23 16:51:45 2023
4095   469  4095  4095  4095  
   1   104    29  
1677151306 Thu Feb 23 16:51:45 2023
4095   449  4095  4095  4095  
   1   110    29  
1677151306 Thu Feb 23 16:51:46 2023
4095   437  4095  4095  4095  
   1   181    29  
1677151307 Thu Feb 23 16:51:46 2023
4095   443  4095  4095  4095  
   1   244    29  
1677151308 Thu Feb 23 16:51:48 2023
4095   435  4095  4095  4095  
   1   136    29  
1677151308 Thu Feb 23 16:51:48 2023
4095   430  4095  4095  4095  
   1   151    29  
1677151308 Thu Feb 23 16:51:48 2023
4095   426  4095  4095  4095  
   1   209    29  
1677151309 Thu Feb 23 16:51:49 2023
4095   476  4095  4095  4095  
   1   105    29  
1677151310 Thu Feb 23 16:51:50 2023
4095   428  4095  4095  4095  
   1   180    29  
1677151311 Thu Feb 23 16:51:51 2023
4095  4095  4095  4095  4095  
   1    93    29  
1677151312 Thu Feb 23 16:51:52 2023
4095   443  4095  4095  4095  
   1    91    29  
1677151313 Thu Feb 23 16:51:52 2023
4095   460  4095  4095  4095  
   1    97    29  
1677151314 Thu Feb 23 16:51:53 2023
4095   439  4095  4095  4095  
   1   133    29  
1677151314 Thu Feb 23 16:51:54 2023
4095   454  4095  4095  4095  
   1   102    29  
1677151316 Thu Feb 23 16:51:55 2023
4095   428  4095  4095  4095  
   1   234    29  
1677151316 Thu Feb 23 16:51:56 2023
4095   424  4095  4095  4095  
   1   290    29  
