1677145483 Thu Feb 23 15:14:43 2023
4095  4095  4095  4095  4095  
   1    71    29  
1677145483 Thu Feb 23 15:14:43 2023
4095  4095  4095  4095  4095  
   1    69    29  
1677145484 Thu Feb 23 15:14:43 2023
4095  4095  4095  4095  4095  
   1    66    29  
1677145484 Thu Feb 23 15:14:44 2023
4095  4095  4095  4095  4095  
   1    58    29  
1677145485 Thu Feb 23 15:14:44 2023
4095  4095  4095  4095  4095  
   1    65    29  
1677145486 Thu Feb 23 15:14:45 2023
4095  4095  4095  4095  4095  
   1    69    29  
1677145486 Thu Feb 23 15:14:46 2023
4095  4095  4095  4095  4095  
   1    58    29  
1677145487 Thu Feb 23 15:14:47 2023
4095  4095  4095  4095  4095  
   1    69    29  
1677145488 Thu Feb 23 15:14:47 2023
4095  4095  4095  4095  4095  
   1    60    29  
1677145491 Thu Feb 23 15:14:50 2023
4095  4095  4095  4095  4095  
   1    72    29  
1677145491 Thu Feb 23 15:14:51 2023
4095  4095  4095  4095  4095  
   1    62    29  
1677145491 Thu Feb 23 15:14:51 2023
4095  4095  4095  4095  4095  
   1    66    29  
1677145492 Thu Feb 23 15:14:51 2023
4095  4095  4095  4095  4095  
   1    59    29  
1677145492 Thu Feb 23 15:14:52 2023
4095  4095  4095  4095  4095  
   1    59    29  
1677145493 Thu Feb 23 15:14:53 2023
4095   504  4095  4095  4095  
   1    88    29  
1677145493 Thu Feb 23 15:14:53 2023
4095  4095  4095  4095  4095  
   1    57    29  
1677145493 Thu Feb 23 15:14:53 2023
4095  4095  4095  4095  4095  
   1    65    29  
1677145494 Thu Feb 23 15:14:54 2023
4095  4095  4095  4095  4095  
   1    66    29  
1677145494 Thu Feb 23 15:14:54 2023
4095  4095  4095  4095  4095  
   1    68    29  
1677145494 Thu Feb 23 15:14:54 2023
4095  4095  4095  4095  4095  
   1    60    29  
1677145495 Thu Feb 23 15:14:54 2023
4095  4095  4095  4095  4095  
   1    65    29  
1677145495 Thu Feb 23 15:14:55 2023
4095  4095  4095  4095  4095  
   1    68    29  
1677145496 Thu Feb 23 15:14:55 2023
4095  4095  4095  4095  4095  
   1    63    29  
1677145496 Thu Feb 23 15:14:56 2023
4095  4095  4095  4095  4095  
   1    70    29  
1677145496 Thu Feb 23 15:14:56 2023
4095  4095  4095  4095  4095  
   1    68    29  
1677145497 Thu Feb 23 15:14:57 2023
4095  4095  4095  4095  4095  
   1    74    29  
1677145498 Thu Feb 23 15:14:58 2023
4095  4095  4095  4095  4095  
   1    65    29  
1677145499 Thu Feb 23 15:14:58 2023
4095  4095  4095  4095  4095  
   1    53    29  
1677145499 Thu Feb 23 15:14:59 2023
4095  4095  4095  4095  4095  
   1    67    29  
1677145499 Thu Feb 23 15:14:59 2023
4095  4095  4095  4095  4095  
   1    61    29  
1677145500 Thu Feb 23 15:15:00 2023
4095  4095  4095  4095  4095  
   1    75    29  
1677145502 Thu Feb 23 15:15:01 2023
4095  4095  4095  4095  4095  
   1    75    29  
1677145502 Thu Feb 23 15:15:02 2023
4095  4095  4095  4095  4095  
   1    59    29  
1677145504 Thu Feb 23 15:15:03 2023
4095  4095  4095  4095  4095  
   1    77    29  
1677145504 Thu Feb 23 15:15:04 2023
4095  4095  4095  4095  4095  
   1    62    29  
1677145505 Thu Feb 23 15:15:05 2023
4095  4095  4095  4095  4095  
   1    59    29  
1677145505 Thu Feb 23 15:15:05 2023
4095  4095  4095  4095  4095  
   1    63    29  
1677145505 Thu Feb 23 15:15:05 2023
4095  4095  4095  4095  4095  
   1    61    29  
1677145506 Thu Feb 23 15:15:06 2023
4095  4095  4095  4095  4095  
   1    66    29  
1677145506 Thu Feb 23 15:15:06 2023
4095  4095  4095  4095  4095  
   1    62    29  
1677145506 Thu Feb 23 15:15:06 2023
4095  4095  4095  4095  4095  
   1    59    29  
1677145507 Thu Feb 23 15:15:07 2023
4095  4095  4095  4095  4095  
   1    66    29  
1677145507 Thu Feb 23 15:15:07 2023
4095  4095  4095  4095  4095  
   1    63    29  
1677145508 Thu Feb 23 15:15:07 2023
4095  4095  4095  4095  4095  
   1    60    29  
1677145509 Thu Feb 23 15:15:08 2023
4095  4095  4095  4095  4095  
   1    73    29  
1677145509 Thu Feb 23 15:15:09 2023
4095  4095  4095  4095  4095  
   1    64    29  
1677145510 Thu Feb 23 15:15:09 2023
4095  4095  4095  4095  4095  
   1    60    29  
1677145511 Thu Feb 23 15:15:11 2023
4095  4095  4095  4095  4095  
   1    57    29  
1677145512 Thu Feb 23 15:15:12 2023
4095  4095  4095  4095  4095  
   1    71    29  
1677145512 Thu Feb 23 15:15:12 2023
4095  4095  4095  4095  4095  
   1    66    29  
1677145513 Thu Feb 23 15:15:13 2023
4095  4095  4095  4095  4095  
   1    57    29  
1677145514 Thu Feb 23 15:15:13 2023
4095  4095  4095  4095  4095  
   1    60    29  
1677145514 Thu Feb 23 15:15:14 2023
4095   461  4095  4095  4095  
   1   103    29  
1677145514 Thu Feb 23 15:15:14 2023
4095  4095  4095  4095  4095  
   1    53    29  
1677145515 Thu Feb 23 15:15:14 2023
4095  4095  4095  4095  4095  
   1    63    29  
1677145515 Thu Feb 23 15:15:15 2023
4095  4095  4095  4095  4095  
   1    78    29  
1677145516 Thu Feb 23 15:15:15 2023
4095  4095  4095  4095  4095  
   1    62    29  
1677145516 Thu Feb 23 15:15:16 2023
4095  4095  4095  4095  4095  
   1    87    29  
1677145517 Thu Feb 23 15:15:17 2023
4095  4095  4095  4095  4095  
   1    63    29  
1677145518 Thu Feb 23 15:15:17 2023
4095   496  4095  4095  4095  
   1    80    29  
1677145518 Thu Feb 23 15:15:18 2023
4095  4095  4095  4095  4095  
   1    81    29  
1677145519 Thu Feb 23 15:15:18 2023
4095  4095  4095  4095  4095  
   1    63    29  
1677145519 Thu Feb 23 15:15:19 2023
4095  4095  4095  4095  4095  
   1    68    29  
1677145519 Thu Feb 23 15:15:19 2023
4095  4095  4095  4095  4095  
   1    63    29  
1677145522 Thu Feb 23 15:15:21 2023
4095   507  4095  4095  4095  
   1    81    29  
1677145523 Thu Feb 23 15:15:22 2023
4095  4095  4095  4095  4095  
   1    60    29  
1677145523 Thu Feb 23 15:15:23 2023
4095   477  4095  4095  4095  
   1    87    29  
1677145524 Thu Feb 23 15:15:24 2023
4095  4095  4095  4095  4095  
   1    73    29  
1677145524 Thu Feb 23 15:15:24 2023
4095  4095  4095  4095  4095  
   1    59    29  
1677145525 Thu Feb 23 15:15:25 2023
4095  4095  4095  4095  4095  
   1    65    29  
1677145525 Thu Feb 23 15:15:25 2023
4095  4095  4095  4095  4095  
   1    57    29  
1677145525 Thu Feb 23 15:15:25 2023
4095  4095  4095  4095  4095  
   1    71    29  
1677145526 Thu Feb 23 15:15:25 2023
4095  4095  4095  4095  4095  
   1    65    29  
1677145526 Thu Feb 23 15:15:26 2023
4095  4095  4095  4095  4095  
   1    69    29  
1677145526 Thu Feb 23 15:15:26 2023
4095  4095  4095  4095  4095  
   1    64    29  
1677145527 Thu Feb 23 15:15:27 2023
4095  4095  4095  4095  4095  
   1    58    29  
1677145528 Thu Feb 23 15:15:28 2023
4095  4095  4095  4095  4095  
   1    68    29  
1677145528 Thu Feb 23 15:15:28 2023
4095  4095  4095  4095  4095  
   1    69    29  
1677145529 Thu Feb 23 15:15:29 2023
4095  4095  4095  4095  4095  
   1    67    29  
1677145530 Thu Feb 23 15:15:30 2023
4095  4095  4095  4095  4095  
   1    67    29  
1677145530 Thu Feb 23 15:15:30 2023
4095  4095  4095  4095  4095  
   1    65    29  
1677145531 Thu Feb 23 15:15:31 2023
4095  4095  4095  4095  4095  
   1    58    29  
1677145531 Thu Feb 23 15:15:31 2023
4095  4095  4095  4095  4095  
   1    54    29  
1677145532 Thu Feb 23 15:15:31 2023
4095   484  4095  4095  4095  
   1    89    29  
1677145532 Thu Feb 23 15:15:32 2023
4095  4095  4095  4095  4095  
   1    61    29  
1677145534 Thu Feb 23 15:15:34 2023
4095  4095  4095  4095  4095  
   1    69    29  
1677145534 Thu Feb 23 15:15:34 2023
4095  4095  4095  4095  4095  
   1    61    29  
1677145535 Thu Feb 23 15:15:34 2023
4095  4095  4095  4095  4095  
   1    64    29  
1677145535 Thu Feb 23 15:15:35 2023
4095   465  4095  4095  4095  
   1   100    29  
1677145535 Thu Feb 23 15:15:35 2023
4095  4095  4095  4095  4095  
   1    61    29  
1677145535 Thu Feb 23 15:15:35 2023
4095  4095  4095  4095  4095  
   1    62    29  
1677145536 Thu Feb 23 15:15:36 2023
4095  4095  4095  4095  4095  
   1    69    29  
1677145537 Thu Feb 23 15:15:36 2023
4095  4095  4095  4095  4095  
   1    53    29  
1677145537 Thu Feb 23 15:15:37 2023
4095  4095  4095  4095  4095  
   1    52    29  
1677145537 Thu Feb 23 15:15:37 2023
4095  4095  4095  4095  4095  
   1    77    29  
1677145538 Thu Feb 23 15:15:37 2023
4095  4095  4095  4095  4095  
   1    71    29  
1677145539 Thu Feb 23 15:15:38 2023
4095  4095  4095  4095  4095  
   1    63    29  
1677145539 Thu Feb 23 15:15:39 2023
4095  4095  4095  4095  4095  
   1    63    29  
1677145539 Thu Feb 23 15:15:39 2023
4095  4095  4095  4095  4095  
   1    67    29  
1677145540 Thu Feb 23 15:15:39 2023
4095  4095  4095  4095  4095  
   1    64    29  
1677145540 Thu Feb 23 15:15:40 2023
4095  4095  4095  4095  4095  
   1    76    29  
1677145541 Thu Feb 23 15:15:40 2023
4095  4095  4095  4095  4095  
   1    62    29  
1677145541 Thu Feb 23 15:15:41 2023
4095  4095  4095  4095  4095  
   1    71    29  
1677145543 Thu Feb 23 15:15:43 2023
4095  4095  4095  4095  4095  
   1    63    29  
1677145544 Thu Feb 23 15:15:43 2023
4095  4095  4095  4095  4095  
   1    71    29  
1677145544 Thu Feb 23 15:15:44 2023
4095  4095  4095  4095  4095  
   1    57    29  
1677145544 Thu Feb 23 15:15:44 2023
4095  4095  4095  4095  4095  
   1    74    29  
1677145545 Thu Feb 23 15:15:44 2023
4095  4095  4095  4095  4095  
   1    62    29  
1677145546 Thu Feb 23 15:15:45 2023
4095  4095  4095  4095  4095  
   1    72    29  
1677145546 Thu Feb 23 15:15:46 2023
4095  4095  4095  4095  4095  
   1    62    29  
1677145547 Thu Feb 23 15:15:46 2023
4095  4095  4095  4095  4095  
   1    71    29  
1677145547 Thu Feb 23 15:15:47 2023
4095  4095  4095  4095  4095  
   1    74    29  
1677145548 Thu Feb 23 15:15:48 2023
4095   500  4095  4095  4095  
   1    92    29  
1677145549 Thu Feb 23 15:15:49 2023
4095  4095  4095  4095  4095  
   1    66    29  
1677145549 Thu Feb 23 15:15:49 2023
4095  4095  4095  4095  4095  
   1    76    29  
1677145549 Thu Feb 23 15:15:49 2023
4095  4095  4095  4095  4095  
   1    68    29  
1677145550 Thu Feb 23 15:15:49 2023
4095  4095  4095  4095  4095  
   1    66    29  
1677145550 Thu Feb 23 15:15:50 2023
4095  4095  4095  4095  4095  
   1    67    29  
1677145550 Thu Feb 23 15:15:50 2023
4095  4095  4095  4095  4095  
   1    62    29  
1677145551 Thu Feb 23 15:15:50 2023
4095  4095  4095  4095  4095  
   1    73    29  
1677145551 Thu Feb 23 15:15:51 2023
4095  4095  4095  4095  4095  
   1    60    29  
1677145552 Thu Feb 23 15:15:52 2023
4095  4095  4095  4095  4095  
   1    54    29  
1677145552 Thu Feb 23 15:15:52 2023
4095   511  4095  4095  4095  
   1    83    29  
1677145553 Thu Feb 23 15:15:52 2023
4095  4095  4095  4095  4095  
   1    56    29  
1677145553 Thu Feb 23 15:15:53 2023
4095  4095  4095  4095  4095  
   1    74    29  
1677145554 Thu Feb 23 15:15:53 2023
4095  4095  4095  4095  4095  
   1    67    29  
1677145554 Thu Feb 23 15:15:54 2023
4095  4095  4095  4095  4095  
   1    59    29  
1677145554 Thu Feb 23 15:15:54 2023
4095  4095  4095  4095  4095  
   1    65    29  
1677145555 Thu Feb 23 15:15:54 2023
4095  4095  4095  4095  4095  
   1    76    29  
1677145556 Thu Feb 23 15:15:55 2023
4095  4095  4095  4095  4095  
   1    76    29  
1677145556 Thu Feb 23 15:15:56 2023
4095  4095  4095  4095  4095  
   1    54    29  
1677145557 Thu Feb 23 15:15:57 2023
4095  4095  4095  4095  4095  
   1    64    29  
1677145558 Thu Feb 23 15:15:58 2023
4095  4095  4095  4095  4095  
   1    65    29  
1677145559 Thu Feb 23 15:15:58 2023
4095   552  4095  4095  4095  
   1    81    29  
1677145559 Thu Feb 23 15:15:59 2023
4095  4095  4095  4095  4095  
   1    64    29  
1677145561 Thu Feb 23 15:16:00 2023
4095  4095  4095  4095  4095  
   1    69    29  
1677145561 Thu Feb 23 15:16:01 2023
4095  4095  4095  4095  4095  
   1    73    29  
1677145562 Thu Feb 23 15:16:01 2023
4095  4095  4095  4095  4095  
   1    70    29  
1677145562 Thu Feb 23 15:16:02 2023
4095  4095  4095  4095  4095  
   1    60    29  
1677145563 Thu Feb 23 15:16:02 2023
4095  4095  4095  4095  4095  
   1    62    29  
1677145564 Thu Feb 23 15:16:03 2023
4095  4095  4095  4095  4095  
   1    64    29  
1677145564 Thu Feb 23 15:16:04 2023
4095   498  4095  4095  4095  
   1    91    29  
1677145565 Thu Feb 23 15:16:04 2023
4095  4095  4095  4095  4095  
   1    68    29  
1677145566 Thu Feb 23 15:16:05 2023
4095  4095  4095  4095  4095  
   1    83    29  
1677145566 Thu Feb 23 15:16:06 2023
4095  4095  4095  4095  4095  
   1    56    29  
1677145567 Thu Feb 23 15:16:07 2023
4095  4095  4095  4095  4095  
   1    59    29  
1677145568 Thu Feb 23 15:16:08 2023
4095  4095  4095  4095  4095  
   1    69    29  
1677145568 Thu Feb 23 15:16:08 2023
4095   491  4095  4095  4095  
   1    90    29  
1677145569 Thu Feb 23 15:16:09 2023
4095  4095  4095  4095  4095  
   1    59    29  
1677145570 Thu Feb 23 15:16:10 2023
4095  4095  4095  4095  4095  
   1    43    29  
1677145570 Thu Feb 23 15:16:10 2023
4095  4095  4095  4095  4095  
   1    67    29  
1677145571 Thu Feb 23 15:16:10 2023
4095  4095  4095  4095  4095  
   1    83    29  
1677145571 Thu Feb 23 15:16:11 2023
4095  4095  4095  4095  4095  
   1    71    29  
1677145572 Thu Feb 23 15:16:12 2023
4095  4095  4095  4095  4095  
   1    64    29  
1677145572 Thu Feb 23 15:16:12 2023
4095  4095  4095  4095  4095  
   1    61    29  
1677145573 Thu Feb 23 15:16:13 2023
4095  4095  4095  4095  4095  
   1    65    29  
1677145573 Thu Feb 23 15:16:13 2023
4095   545  4095  4095  4095  
   1    84    29  
1677145574 Thu Feb 23 15:16:14 2023
4095  4095  4095  4095  4095  
   1    63    29  
1677145574 Thu Feb 23 15:16:14 2023
4095  4095  4095  4095  4095  
   1    68    29  
1677145575 Thu Feb 23 15:16:15 2023
4095  4095  4095  4095  4095  
   1    63    29  
1677145577 Thu Feb 23 15:16:16 2023
4095  4095  4095  4095  4095  
   1    60    29  
1677145578 Thu Feb 23 15:16:17 2023
4095   479  4095  4095  4095  
   1   112    29  
1677145579 Thu Feb 23 15:16:18 2023
4095  4095  4095  4095  4095  
   1    59    29  
1677145579 Thu Feb 23 15:16:19 2023
4095  4095  4095  4095  4095  
   1    55    29  
1677145580 Thu Feb 23 15:16:19 2023
4095  4095  4095  4095  4095  
   1    83    29  
1677145580 Thu Feb 23 15:16:20 2023
4095  4095  4095  4095  4095  
   1    73    29  
1677145580 Thu Feb 23 15:16:20 2023
4095  4095  4095  4095  4095  
   1    62    29  
1677145582 Thu Feb 23 15:16:21 2023
4095  4095  4095  4095  4095  
   1    65    29  
1677145583 Thu Feb 23 15:16:22 2023
4095  4095  4095  4095  4095  
   1    66    29  
1677145583 Thu Feb 23 15:16:23 2023
4095  4095  4095  4095  4095  
   1    57    29  
1677145583 Thu Feb 23 15:16:23 2023
4095  4095  4095  4095  4095  
   1    79    29  
1677145585 Thu Feb 23 15:16:25 2023
4095   446  4095  4095  4095  
   1   589    29  
1677145586 Thu Feb 23 15:16:26 2023
4095  4095  4095  4095  4095  
   1    61    29  
1677145587 Thu Feb 23 15:16:26 2023
4095  4095  4095  4095  4095  
   1    62    29  
1677145587 Thu Feb 23 15:16:27 2023
4095  4095  4095  4095  4095  
   1    59    29  
1677145588 Thu Feb 23 15:16:28 2023
4095  4095  4095  4095  4095  
   1    61    29  
1677145589 Thu Feb 23 15:16:29 2023
4095  4095  4095  4095  4095  
   1    76    29  
1677145589 Thu Feb 23 15:16:29 2023
4095  4095  4095  4095  4095  
   1    59    29  
1677145590 Thu Feb 23 15:16:29 2023
4095  4095  4095  4095  4095  
   1    66    29  
1677145592 Thu Feb 23 15:16:31 2023
4095  4095  4095  4095  4095  
   1    61    29  
1677145592 Thu Feb 23 15:16:32 2023
4095  4095  4095  4095  4095  
   1    67    29  
1677145594 Thu Feb 23 15:16:33 2023
4095  4095  4095  4095  4095  
   1    59    29  
1677145594 Thu Feb 23 15:16:34 2023
4095  4095  4095  4095  4095  
   1    67    29  
1677145594 Thu Feb 23 15:16:34 2023
4095  4095  4095  4095  4095  
   1    59    29  
1677145594 Thu Feb 23 15:16:34 2023
4095   492  4095  4095  4095  
   1    86    29  
1677145596 Thu Feb 23 15:16:36 2023
4095   461  4095  4095  4095  
   1    89    29  
1677145597 Thu Feb 23 15:16:37 2023
4095  4095  4095  4095  4095  
   1    68    29  
1677145597 Thu Feb 23 15:16:37 2023
4095  4095  4095  4095  4095  
   1    65    29  
1677145598 Thu Feb 23 15:16:38 2023
4095   479  4095  4095  4095  
   1   126    29  
1677145598 Thu Feb 23 15:16:38 2023
4095  4095  4095  4095  4095  
   1    63    29  
1677145599 Thu Feb 23 15:16:38 2023
4095  4095  4095  4095  4095  
   1    61    29  
1677145600 Thu Feb 23 15:16:39 2023
4095  4095  4095  4095  4095  
   1    78    29  
1677145600 Thu Feb 23 15:16:40 2023
4095  4095  4095  4095  4095  
   1    75    29  
1677145600 Thu Feb 23 15:16:40 2023
4095  4095  4095  4095  4095  
   1    74    29  
1677145600 Thu Feb 23 15:16:40 2023
4095  4095  4095  4095  4095  
   1    70    29  
1677145601 Thu Feb 23 15:16:40 2023
4095  4095  4095  4095  4095  
   1    58    29  
1677145601 Thu Feb 23 15:16:41 2023
4095  4095  4095  4095  4095  
   1    63    29  
1677145601 Thu Feb 23 15:16:41 2023
4095  4095  4095  4095  4095  
   1    67    29  
1677145602 Thu Feb 23 15:16:42 2023
4095  4095  4095  4095  4095  
   1    69    29  
1677145602 Thu Feb 23 15:16:42 2023
4095  4095  4095  4095  4095  
   1    71    29  
1677145603 Thu Feb 23 15:16:42 2023
4095  4095  4095  4095  4095  
   1    62    29  
1677145604 Thu Feb 23 15:16:44 2023
4095  4095  4095  4095  4095  
   1    59    29  
1677145604 Thu Feb 23 15:16:44 2023
4095  4095  4095  4095  4095  
   1    59    29  
1677145605 Thu Feb 23 15:16:45 2023
4095   501  4095  4095  4095  
   1    77    29  
1677145606 Thu Feb 23 15:16:46 2023
4095  4095  4095  4095  4095  
   1    45    29  
1677145606 Thu Feb 23 15:16:46 2023
4095  4095  4095  4095  4095  
   1    65    29  
1677145606 Thu Feb 23 15:16:46 2023
4095  4095  4095  4095  4095  
   1    68    29  
1677145607 Thu Feb 23 15:16:47 2023
4095  4095  4095  4095  4095  
   1    59    29  
1677145608 Thu Feb 23 15:16:48 2023
4095  4095  4095  4095  4095  
   1    64    29  
1677145609 Thu Feb 23 15:16:49 2023
4095  4095  4095  4095  4095  
   1    66    29  
1677145609 Thu Feb 23 15:16:49 2023
4095  4095  4095  4095  4095  
   1    83    29  
1677145610 Thu Feb 23 15:16:50 2023
4095  4095  4095  4095  4095  
   1    57    29  
1677145610 Thu Feb 23 15:16:50 2023
4095  4095  4095  4095  4095  
   1    58    29  
1677145611 Thu Feb 23 15:16:51 2023
4095  4095  4095  4095  4095  
   1    74    29  
1677145613 Thu Feb 23 15:16:52 2023
4095  4095  4095  4095  4095  
   1    70    29  
1677145613 Thu Feb 23 15:16:53 2023
4095   545  4095  4095  4095  
   1    77    29  
1677145614 Thu Feb 23 15:16:53 2023
4095  4095  4095  4095  4095  
   1    81    29  
1677145614 Thu Feb 23 15:16:54 2023
4095  4095  4095  4095  4095  
   1    69    29  
1677145614 Thu Feb 23 15:16:54 2023
4095  4095  4095  4095  4095  
   1    73    29  
1677145614 Thu Feb 23 15:16:54 2023
4095  4095  4095  4095  4095  
   1    53    29  
1677145615 Thu Feb 23 15:16:55 2023
4095   508  4095  4095  4095  
   1    87    29  
1677145615 Thu Feb 23 15:16:55 2023
4095   520  4095  4095  4095  
   1    89    29  
1677145617 Thu Feb 23 15:16:57 2023
4095  4095  4095  4095  4095  
   1    66    29  
1677145617 Thu Feb 23 15:16:57 2023
4095  4095  4095  4095  4095  
   1    71    29  
1677145619 Thu Feb 23 15:16:58 2023
4095  4095  4095  4095  4095  
   1    66    29  
1677145620 Thu Feb 23 15:16:59 2023
4095  4095  4095  4095  4095  
   1    65    29  
1677145620 Thu Feb 23 15:17:00 2023
4095  4095  4095  4095  4095  
   1    58    29  
1677145621 Thu Feb 23 15:17:00 2023
4095  4095  4095  4095  4095  
   1    65    29  
1677145621 Thu Feb 23 15:17:01 2023
4095  4095  4095  4095  4095  
   1    62    29  
1677145622 Thu Feb 23 15:17:02 2023
4095  4095  4095  4095  4095  
   1    62    29  
1677145622 Thu Feb 23 15:17:02 2023
4095  4095  4095  4095  4095  
   1    72    29  
1677145623 Thu Feb 23 15:17:03 2023
4095  4095  4095  4095  4095  
   1    68    29  
1677145624 Thu Feb 23 15:17:03 2023
4095   493  4095  4095  4095  
   1    89    29  
1677145624 Thu Feb 23 15:17:04 2023
4095  4095  4095  4095  4095  
   1    78    29  
1677145624 Thu Feb 23 15:17:04 2023
4095  4095  4095  4095  4095  
   1    72    29  
1677145625 Thu Feb 23 15:17:05 2023
4095   494  4095  4095  4095  
   1    84    29  
1677145625 Thu Feb 23 15:17:05 2023
4095   505  4095  4095  4095  
   1    75    29  
1677145626 Thu Feb 23 15:17:06 2023
4095  4095  4095  4095  4095  
   1    68    29  
1677145627 Thu Feb 23 15:17:07 2023
4095  4095  4095  4095  4095  
   1    60    29  
1677145628 Thu Feb 23 15:17:07 2023
4095  4095  4095  4095  4095  
   1    66    29  
1677145628 Thu Feb 23 15:17:08 2023
4095  4095  4095  4095  4095  
   1    68    29  
1677145628 Thu Feb 23 15:17:08 2023
4095  4095  4095  4095  4095  
   1    72    29  
1677145629 Thu Feb 23 15:17:09 2023
4095   505  4095  4095  4095  
   1    91    29  
1677145630 Thu Feb 23 15:17:09 2023
4095  4095  4095  4095  4095  
   1    55    29  
1677145630 Thu Feb 23 15:17:10 2023
4095  4095  4095  4095  4095  
   1    61    29  
1677145631 Thu Feb 23 15:17:11 2023
4095  4095  4095  4095  4095  
   1    69    29  
1677145634 Thu Feb 23 15:17:14 2023
4095  4095  4095  4095  4095  
   1    79    29  
1677145634 Thu Feb 23 15:17:14 2023
4095   490  4095  4095  4095  
   1   105    29  
1677145634 Thu Feb 23 15:17:14 2023
4095  4095  4095  4095  4095  
   1    66    29  
1677145635 Thu Feb 23 15:17:15 2023
4095  4095  4095  4095  4095  
   1    66    29  
1677145635 Thu Feb 23 15:17:15 2023
4095  4095  4095  4095  4095  
   1    69    29  
1677145635 Thu Feb 23 15:17:15 2023
4095  4095  4095  4095  4095  
   1    62    29  
1677145636 Thu Feb 23 15:17:16 2023
4095  4095  4095  4095  4095  
   1    75    29  
1677145636 Thu Feb 23 15:17:16 2023
4095  4095  4095  4095  4095  
   1    56    29  
1677145637 Thu Feb 23 15:17:17 2023
4095  4095  4095  4095  4095  
   1    71    29  
1677145637 Thu Feb 23 15:17:17 2023
4095   507  4095  4095  4095  
   1    87    29  
1677145637 Thu Feb 23 15:17:17 2023
4095  4095  4095  4095  4095  
   1    57    29  
1677145638 Thu Feb 23 15:17:18 2023
4095  4095  4095  4095  4095  
   1    63    29  
1677145638 Thu Feb 23 15:17:18 2023
4095  4095  4095  4095  4095  
   1    64    29  
1677145639 Thu Feb 23 15:17:19 2023
4095   502  4095  4095  4095  
   1    85    29  
1677145640 Thu Feb 23 15:17:20 2023
4095  4095  4095  4095  4095  
   1    63    29  
1677145640 Thu Feb 23 15:17:20 2023
4095  4095  4095  4095  4095  
   1    63    29  
1677145640 Thu Feb 23 15:17:20 2023
4095   574  4095  4095  4095  
   1    86    29  
1677145641 Thu Feb 23 15:17:20 2023
4095  4095  4095  4095  4095  
   1    75    29  
1677145641 Thu Feb 23 15:17:21 2023
4095   504  4095  4095  4095  
   1    80    29  
1677145642 Thu Feb 23 15:17:21 2023
4095  4095  4095  4095  4095  
   1    56    29  
1677145642 Thu Feb 23 15:17:22 2023
4095  4095  4095  4095  4095  
   1    71    29  
1677145642 Thu Feb 23 15:17:22 2023
4095  4095  4095  4095  4095  
   1    63    29  
1677145643 Thu Feb 23 15:17:23 2023
4095  4095  4095  4095  4095  
   1    63    29  
1677145643 Thu Feb 23 15:17:23 2023
4095  4095  4095  4095  4095  
   1    74    29  
1677145643 Thu Feb 23 15:17:23 2023
4095  4095  4095  4095  4095  
   1    63    29  
1677145644 Thu Feb 23 15:17:23 2023
4095  4095  4095  4095  4095  
   1    63    29  
1677145644 Thu Feb 23 15:17:24 2023
4095  4095  4095  4095  4095  
   1    57    29  
1677145645 Thu Feb 23 15:17:24 2023
4095  4095  4095  4095  4095  
   1    68    29  
1677145645 Thu Feb 23 15:17:25 2023
4095  4095  4095  4095  4095  
   1    56    29  
1677145645 Thu Feb 23 15:17:25 2023
4095  4095  4095  4095  4095  
   1    58    29  
1677145646 Thu Feb 23 15:17:26 2023
4095  4095  4095  4095  4095  
   1    69    29  
1677145647 Thu Feb 23 15:17:27 2023
4095  4095  4095  4095  4095  
   1    83    29  
1677145648 Thu Feb 23 15:17:27 2023
4095  4095  4095  4095  4095  
   1    63    29  
1677145648 Thu Feb 23 15:17:28 2023
4095   482  4095  4095  4095  
   1    86    29  
1677145648 Thu Feb 23 15:17:28 2023
4095  4095  4095  4095  4095  
   1    77    29  
1677145649 Thu Feb 23 15:17:29 2023
4095  4095  4095  4095  4095  
   1    62    29  
1677145649 Thu Feb 23 15:17:29 2023
4095  4095  4095  4095  4095  
   1    74    29  
1677145650 Thu Feb 23 15:17:29 2023
4095  4095  4095  4095  4095  
   1    60    29  
1677145650 Thu Feb 23 15:17:30 2023
4095  4095  4095  4095  4095  
   1    60    29  
1677145651 Thu Feb 23 15:17:31 2023
4095  4095  4095  4095  4095  
   1    67    29  
1677145652 Thu Feb 23 15:17:32 2023
4095   523  4095  4095  4095  
   1    84    29  
1677145653 Thu Feb 23 15:17:32 2023
4095  4095  4095  4095  4095  
   1    73    29  
1677145653 Thu Feb 23 15:17:33 2023
4095  4095  4095  4095  4095  
   1    66    29  
1677145653 Thu Feb 23 15:17:33 2023
4095  4095  4095  4095  4095  
   1    63    29  
1677145654 Thu Feb 23 15:17:33 2023
4095  4095  4095  4095  4095  
   1    65    29  
1677145654 Thu Feb 23 15:17:34 2023
4095   490  4095  4095  4095  
   1    94    29  
1677145654 Thu Feb 23 15:17:34 2023
4095  4095  4095  4095  4095  
   1    62    29  
1677145655 Thu Feb 23 15:17:34 2023
4095  4095  4095  4095  4095  
   1    66    29  
1677145655 Thu Feb 23 15:17:35 2023
4095  4095  4095  4095  4095  
   1    73    29  
1677145656 Thu Feb 23 15:17:35 2023
4095  4095  4095  4095  4095  
   1    64    29  
1677145658 Thu Feb 23 15:17:38 2023
4095  4095  4095  4095  4095  
   1    70    29  
1677145659 Thu Feb 23 15:17:38 2023
4095  4095  4095  4095  4095  
   1    63    29  
1677145659 Thu Feb 23 15:17:39 2023
4095  4095  4095  4095  4095  
   1    63    29  
1677145660 Thu Feb 23 15:17:39 2023
4095   497  4095  4095  4095  
   1    91    29  
1677145660 Thu Feb 23 15:17:40 2023
4095  4095  4095  4095  4095  
   1    68    29  
1677145661 Thu Feb 23 15:17:40 2023
4095  4095  4095  4095  4095  
   1    60    29  
1677145661 Thu Feb 23 15:17:41 2023
4095  4095  4095  4095  4095  
   1    55    29  
1677145662 Thu Feb 23 15:17:41 2023
4095  4095  4095  4095  4095  
   1    72    29  
1677145662 Thu Feb 23 15:17:42 2023
4095  4095  4095  4095  4095  
   1    60    29  
1677145662 Thu Feb 23 15:17:42 2023
4095  4095  4095  4095  4095  
   1    60    29  
1677145663 Thu Feb 23 15:17:43 2023
4095  4095  4095  4095  4095  
   1    54    29  
1677145664 Thu Feb 23 15:17:43 2023
4095  4095  4095  4095  4095  
   1    65    29  
1677145664 Thu Feb 23 15:17:44 2023
4095  4095  4095  4095  4095  
   1    63    29  
1677145665 Thu Feb 23 15:17:44 2023
4095  4095  4095  4095  4095  
   1    68    29  
1677145665 Thu Feb 23 15:17:45 2023
4095  4095  4095  4095  4095  
   1    59    29  
1677145665 Thu Feb 23 15:17:45 2023
4095  4095  4095  4095  4095  
   1    76    29  
1677145665 Thu Feb 23 15:17:45 2023
4095  4095  4095  4095  4095  
   1    60    29  
1677145666 Thu Feb 23 15:17:46 2023
4095  4095  4095  4095  4095  
   1    59    29  
1677145666 Thu Feb 23 15:17:46 2023
4095   502  4095  4095  4095  
   1    81    29  
1677145667 Thu Feb 23 15:17:47 2023
4095  4095  4095  4095  4095  
   1    73    29  
1677145667 Thu Feb 23 15:17:47 2023
4095  4095  4095  4095  4095  
   1    68    29  
1677145668 Thu Feb 23 15:17:48 2023
4095  4095  4095  4095  4095  
   1    78    29  
1677145669 Thu Feb 23 15:17:49 2023
4095  4095  4095  4095  4095  
   1    58    29  
1677145670 Thu Feb 23 15:17:49 2023
4095  4095  4095  4095  4095  
   1    56    29  
1677145670 Thu Feb 23 15:17:50 2023
4095  4095  4095  4095  4095  
   1    66    29  
1677145671 Thu Feb 23 15:17:50 2023
4095  4095  4095  4095  4095  
   1    67    29  
1677145672 Thu Feb 23 15:17:51 2023
4095  4095  4095  4095  4095  
   1    58    29  
1677145672 Thu Feb 23 15:17:52 2023
4095  4095  4095  4095  4095  
   1    64    29  
1677145673 Thu Feb 23 15:17:53 2023
4095  4095  4095  4095  4095  
   1    69    29  
1677145673 Thu Feb 23 15:17:53 2023
4095   526  4095  4095  4095  
   1    76    29  
1677145674 Thu Feb 23 15:17:53 2023
4095  4095  4095  4095  4095  
   1    56    29  
1677145675 Thu Feb 23 15:17:55 2023
4095  4095  4095  4095  4095  
   1    68    29  
1677145675 Thu Feb 23 15:17:55 2023
4095   489  4095  4095  4095  
   1    91    29  
1677145675 Thu Feb 23 15:17:55 2023
4095  4095  4095  4095  4095  
   1    64    29  
1677145676 Thu Feb 23 15:17:55 2023
4095  4095  4095  4095  4095  
   1    66    29  
1677145676 Thu Feb 23 15:17:56 2023
4095  4095  4095  4095  4095  
   1    62    29  
1677145677 Thu Feb 23 15:17:56 2023
4095  4095  4095  4095  4095  
   1    62    29  
1677145677 Thu Feb 23 15:17:57 2023
4095  4095  4095  4095  4095  
   1    74    29  
1677145677 Thu Feb 23 15:17:57 2023
4095   492  4095  4095  4095  
   1    80    29  
1677145678 Thu Feb 23 15:17:58 2023
4095  4095  4095  4095  4095  
   1    59    29  
1677145678 Thu Feb 23 15:17:58 2023
4095  4095  4095  4095  4095  
   1    63    29  
1677145679 Thu Feb 23 15:17:58 2023
4095  4095  4095  4095  4095  
   1    65    29  
1677145679 Thu Feb 23 15:17:59 2023
4095   523  4095  4095  4095  
   1    83    29  
1677145680 Thu Feb 23 15:18:00 2023
4095   468  4095  4095  4095  
   1   102    29  
1677145680 Thu Feb 23 15:18:00 2023
4095  4095  4095  4095  4095  
   1    68    29  
1677145681 Thu Feb 23 15:18:01 2023
4095  4095  4095  4095  4095  
   1    58    29  
1677145681 Thu Feb 23 15:18:01 2023
4095  4095  4095  4095  4095  
   1    66    29  
1677145681 Thu Feb 23 15:18:01 2023
4095  4095  4095  4095  4095  
   1    65    29  
1677145682 Thu Feb 23 15:18:01 2023
4095  4095  4095  4095  4095  
   1    69    29  
1677145682 Thu Feb 23 15:18:02 2023
4095  4095  4095  4095  4095  
   1    61    29  
1677145683 Thu Feb 23 15:18:03 2023
4095  4095  4095  4095  4095  
   1    58    29  
1677145684 Thu Feb 23 15:18:04 2023
4095  4095  4095  4095  4095  
   1    63    29  
1677145684 Thu Feb 23 15:18:04 2023
4095  4095  4095  4095  4095  
   1    62    29  
1677145685 Thu Feb 23 15:18:04 2023
4095  4095  4095  4095  4095  
   1    66    29  
1677145685 Thu Feb 23 15:18:05 2023
4095  4095  4095  4095  4095  
   1    64    29  
1677145686 Thu Feb 23 15:18:06 2023
4095  4095  4095  4095  4095  
   1    64    29  
1677145687 Thu Feb 23 15:18:06 2023
4095   497  4095  4095  4095  
   1    73    29  
1677145687 Thu Feb 23 15:18:07 2023
4095  4095  4095  4095  4095  
   1    69    29  
1677145687 Thu Feb 23 15:18:07 2023
4095  4095  4095  4095  4095  
   1    61    29  
1677145688 Thu Feb 23 15:18:07 2023
4095  4095  4095  4095  4095  
   1    55    29  
1677145688 Thu Feb 23 15:18:08 2023
4095  4095  4095  4095  4095  
   1    64    29  
1677145689 Thu Feb 23 15:18:09 2023
4095  4095  4095  4095  4095  
   1    69    29  
1677145690 Thu Feb 23 15:18:10 2023
4095  4095  4095  4095  4095  
   1    75    29  
1677145691 Thu Feb 23 15:18:10 2023
4095  4095  4095  4095  4095  
   1    60    29  
1677145691 Thu Feb 23 15:18:11 2023
4095  4095  4095  4095  4095  
   1    68    29  
1677145691 Thu Feb 23 15:18:11 2023
4095  4095  4095  4095  4095  
   1    66    29  
1677145692 Thu Feb 23 15:18:11 2023
4095  4095  4095  4095  4095  
   1    64    29  
1677145692 Thu Feb 23 15:18:12 2023
4095  4095  4095  4095  4095  
   1    72    29  
1677145692 Thu Feb 23 15:18:12 2023
4095  4095  4095  4095  4095  
   1    62    29  
1677145693 Thu Feb 23 15:18:12 2023
4095  4095  4095  4095  4095  
   1    66    29  
1677145693 Thu Feb 23 15:18:13 2023
4095  4095  4095  4095  4095  
   1    61    29  
1677145693 Thu Feb 23 15:18:13 2023
4095  4095  4095  4095  4095  
   1    59    29  
1677145693 Thu Feb 23 15:18:13 2023
4095  4095  4095  4095  4095  
   1    67    29  
1677145694 Thu Feb 23 15:18:14 2023
4095   491  4095  4095  4095  
   1   135    29  
1677145695 Thu Feb 23 15:18:14 2023
4095  4095  4095  4095  4095  
   1    76    29  
1677145696 Thu Feb 23 15:18:16 2023
4095  4095  4095  4095  4095  
   1    42    29  
1677145696 Thu Feb 23 15:18:16 2023
4095  4095  4095  4095  4095  
   1    63    29  
1677145697 Thu Feb 23 15:18:17 2023
4095  4095  4095  4095  4095  
   1    67    29  
1677145697 Thu Feb 23 15:18:17 2023
4095  4095  4095  4095  4095  
   1    60    29  
1677145698 Thu Feb 23 15:18:17 2023
4095  4095  4095  4095  4095  
   1    58    29  
1677145698 Thu Feb 23 15:18:18 2023
4095  4095  4095  4095  4095  
   1    71    29  
1677145698 Thu Feb 23 15:18:18 2023
4095  4095  4095  4095  4095  
   1    66    29  
1677145699 Thu Feb 23 15:18:18 2023
4095  4095  4095  4095  4095  
   1    74    29  
1677145699 Thu Feb 23 15:18:19 2023
4095  4095  4095  4095  4095  
   1    56    29  
1677145699 Thu Feb 23 15:18:19 2023
4095  4095  4095  4095  4095  
   1    60    29  
1677145700 Thu Feb 23 15:18:20 2023
4095  4095  4095  4095  4095  
   1    68    29  
1677145700 Thu Feb 23 15:18:20 2023
4095  4095  4095  4095  4095  
   1    67    29  
1677145701 Thu Feb 23 15:18:21 2023
4095  4095  4095  4095  4095  
   1    63    29  
1677145701 Thu Feb 23 15:18:21 2023
4095  4095  4095  4095  4095  
   1    66    29  
1677145702 Thu Feb 23 15:18:21 2023
4095  4095  4095  4095  4095  
   1    68    29  
1677145702 Thu Feb 23 15:18:22 2023
4095  4095  4095  4095  4095  
   1    60    29  
1677145703 Thu Feb 23 15:18:22 2023
4095  4095  4095  4095  4095  
   1    65    29  
1677145703 Thu Feb 23 15:18:23 2023
4095  4095  4095  4095  4095  
   1    58    29  
1677145704 Thu Feb 23 15:18:23 2023
4095  4095  4095  4095  4095  
   1    59    29  
1677145704 Thu Feb 23 15:18:24 2023
4095  4095  4095  4095  4095  
   1    54    29  
1677145704 Thu Feb 23 15:18:24 2023
4095  4095  4095  4095  4095  
   1    51    29  
1677145705 Thu Feb 23 15:18:24 2023
4095  4095  4095  4095  4095  
   1    59    29  
1677145705 Thu Feb 23 15:18:25 2023
4095  4095  4095  4095  4095  
   1    62    29  
1677145706 Thu Feb 23 15:18:26 2023
4095  4095  4095  4095  4095  
   1    64    29  
1677145706 Thu Feb 23 15:18:26 2023
4095  4095  4095  4095  4095  
   1    60    29  
1677145708 Thu Feb 23 15:18:28 2023
4095  4095  4095  4095  4095  
   1    73    29  
1677145708 Thu Feb 23 15:18:28 2023
4095  4095  4095  4095  4095  
   1    59    29  
1677145709 Thu Feb 23 15:18:29 2023
4095  4095  4095  4095  4095  
   1    60    29  
1677145710 Thu Feb 23 15:18:30 2023
4095  4095  4095  4095  4095  
   1    67    29  
1677145710 Thu Feb 23 15:18:30 2023
4095  4095  4095  4095  4095  
   1    73    29  
1677145711 Thu Feb 23 15:18:30 2023
4095  4095  4095  4095  4095  
   1    56    29  
1677145711 Thu Feb 23 15:18:31 2023
4095  4095  4095  4095  4095  
   1    71    29  
1677145712 Thu Feb 23 15:18:32 2023
4095  4095  4095  4095  4095  
   1    68    29  
1677145713 Thu Feb 23 15:18:33 2023
4095  4095  4095  4095  4095  
   1    62    29  
1677145713 Thu Feb 23 15:18:33 2023
4095  4095  4095  4095  4095  
   1    59    29  
1677145713 Thu Feb 23 15:18:33 2023
4095  4095  4095  4095  4095  
   1    59    29  
1677145714 Thu Feb 23 15:18:33 2023
4095  4095  4095  4095  4095  
   1    69    29  
1677145714 Thu Feb 23 15:18:34 2023
4095  4095  4095  4095  4095  
   1    61    29  
1677145715 Thu Feb 23 15:18:34 2023
4095   500  4095  4095  4095  
   1    94    29  
1677145715 Thu Feb 23 15:18:35 2023
4095   526  4095  4095  4095  
   1    87    29  
1677145715 Thu Feb 23 15:18:35 2023
4095  4095  4095  4095  4095  
   1    73    29  
1677145716 Thu Feb 23 15:18:36 2023
4095  4095  4095  4095  4095  
   1    63    29  
1677145717 Thu Feb 23 15:18:36 2023
4095   487  4095  4095  4095  
   1    83    29  
1677145717 Thu Feb 23 15:18:37 2023
4095  4095  4095  4095  4095  
   1    62    29  
1677145718 Thu Feb 23 15:18:38 2023
4095  4095  4095  4095  4095  
   1    74    29  
1677145718 Thu Feb 23 15:18:38 2023
4095  4095  4095  4095  4095  
   1    73    29  
1677145719 Thu Feb 23 15:18:38 2023
4095  4095  4095  4095  4095  
   1    66    29  
1677145719 Thu Feb 23 15:18:39 2023
4095  4095  4095  4095  4095  
   1    69    29  
1677145720 Thu Feb 23 15:18:39 2023
4095  4095  4095  4095  4095  
   1    61    29  
1677145721 Thu Feb 23 15:18:41 2023
4095  4095  4095  4095  4095  
   1    57    29  
1677145721 Thu Feb 23 15:18:41 2023
4095  4095  4095  4095  4095  
   1    61    29  
1677145722 Thu Feb 23 15:18:42 2023
4095  4095  4095  4095  4095  
   1    60    29  
1677145723 Thu Feb 23 15:18:42 2023
4095  4095  4095  4095  4095  
   1    58    29  
1677145724 Thu Feb 23 15:18:43 2023
4095  4095  4095  4095  4095  
   1    60    29  
1677145724 Thu Feb 23 15:18:44 2023
4095  4095  4095  4095  4095  
   1    65    29  
1677145725 Thu Feb 23 15:18:44 2023
4095  4095  4095  4095  4095  
   1    56    29  
1677145726 Thu Feb 23 15:18:45 2023
4095  4095  4095  4095  4095  
   1    59    29  
1677145727 Thu Feb 23 15:18:47 2023
4095  4095  4095  4095  4095  
   1    69    29  
1677145728 Thu Feb 23 15:18:47 2023
4095   491  4095  4095  4095  
   1    86    29  
1677145728 Thu Feb 23 15:18:48 2023
4095  4095  4095  4095  4095  
   1    58    29  
1677145729 Thu Feb 23 15:18:48 2023
4095  4095  4095  4095  4095  
   1    79    29  
1677145729 Thu Feb 23 15:18:49 2023
4095  4095  4095  4095  4095  
   1    64    29  
1677145729 Thu Feb 23 15:18:49 2023
4095  4095  4095  4095  4095  
   1    75    29  
1677145729 Thu Feb 23 15:18:49 2023
4095  4095  4095  4095  4095  
   1    59    29  
1677145730 Thu Feb 23 15:18:50 2023
4095  4095  4095  4095  4095  
   1    63    29  
1677145730 Thu Feb 23 15:18:50 2023
4095  4095  4095  4095  4095  
   1    82    29  
1677145730 Thu Feb 23 15:18:50 2023
4095  4095  4095  4095  4095  
   1    56    29  
1677145731 Thu Feb 23 15:18:50 2023
4095  4095  4095  4095  4095  
   1    69    29  
1677145731 Thu Feb 23 15:18:51 2023
4095  4095  4095  4095  4095  
   1    60    29  
1677145732 Thu Feb 23 15:18:51 2023
4095  4095  4095  4095  4095  
   1    70    29  
1677145732 Thu Feb 23 15:18:52 2023
4095  4095  4095  4095  4095  
   1    52    29  
1677145733 Thu Feb 23 15:18:52 2023
4095   528  4095  4095  4095  
   1    79    29  
1677145734 Thu Feb 23 15:18:53 2023
4095  4095  4095  4095  4095  
   1    59    29  
1677145734 Thu Feb 23 15:18:54 2023
4095  4095  4095  4095  4095  
   1    79    29  
1677145734 Thu Feb 23 15:18:54 2023
4095  4095  4095  4095  4095  
   1    73    29  
1677145735 Thu Feb 23 15:18:55 2023
4095  4095  4095  4095  4095  
   1    67    29  
1677145736 Thu Feb 23 15:18:56 2023
4095  4095  4095  4095  4095  
   1    63    29  
1677145736 Thu Feb 23 15:18:56 2023
4095  4095  4095  4095  4095  
   1    55    29  
1677145737 Thu Feb 23 15:18:56 2023
4095  4095  4095  4095  4095  
   1    65    29  
1677145737 Thu Feb 23 15:18:57 2023
4095  4095  4095  4095  4095  
   1    59    29  
1677145738 Thu Feb 23 15:18:58 2023
4095  4095  4095  4095  4095  
   1    55    29  
1677145739 Thu Feb 23 15:18:59 2023
4095  4095  4095  4095  4095  
   1    62    29  
1677145740 Thu Feb 23 15:18:59 2023
4095  4095  4095  4095  4095  
   1    52    29  
1677145740 Thu Feb 23 15:19:00 2023
4095  4095  4095  4095  4095  
   1    59    29  
1677145741 Thu Feb 23 15:19:00 2023
4095  4095  4095  4095  4095  
   1    75    29  
1677145741 Thu Feb 23 15:19:01 2023
4095   482  4095  4095  4095  
   1   104    29  
1677145742 Thu Feb 23 15:19:01 2023
4095  4095  4095  4095  4095  
   1    62    29  
1677145742 Thu Feb 23 15:19:02 2023
4095  4095  4095  4095  4095  
   1    63    29  
1677145743 Thu Feb 23 15:19:02 2023
4095  4095  4095  4095  4095  
   1    65    29  
1677145743 Thu Feb 23 15:19:03 2023
4095  4095  4095  4095  4095  
   1    56    29  
1677145744 Thu Feb 23 15:19:04 2023
4095  4095  4095  4095  4095  
   1    55    29  
1677145745 Thu Feb 23 15:19:04 2023
4095  4095  4095  4095  4095  
   1    68    29  
1677145745 Thu Feb 23 15:19:05 2023
4095  4095  4095  4095  4095  
   1    64    29  
1677145745 Thu Feb 23 15:19:05 2023
4095  4095  4095  4095  4095  
   1    71    29  
1677145746 Thu Feb 23 15:19:06 2023
4095  4095  4095  4095  4095  
   1    64    29  
1677145746 Thu Feb 23 15:19:06 2023
4095  4095  4095  4095  4095  
   1    67    29  
1677145747 Thu Feb 23 15:19:07 2023
4095  4095  4095  4095  4095  
   1    60    29  
1677145748 Thu Feb 23 15:19:08 2023
4095  4095  4095  4095  4095  
   1    57    29  
1677145748 Thu Feb 23 15:19:08 2023
4095  4095  4095  4095  4095  
   1    51    29  
1677145749 Thu Feb 23 15:19:09 2023
4095  4095  4095  4095  4095  
   1    73    29  
1677145749 Thu Feb 23 15:19:09 2023
4095  4095  4095  4095  4095  
   1    62    29  
1677145750 Thu Feb 23 15:19:10 2023
4095  4095  4095  4095  4095  
   1    67    29  
1677145750 Thu Feb 23 15:19:10 2023
4095  4095  4095  4095  4095  
   1    64    29  
1677145751 Thu Feb 23 15:19:11 2023
4095  4095  4095  4095  4095  
   1    68    29  
1677145752 Thu Feb 23 15:19:12 2023
4095  4095  4095  4095  4095  
   1    56    29  
1677145753 Thu Feb 23 15:19:12 2023
4095  4095  4095  4095  4095  
   1    62    29  
1677145753 Thu Feb 23 15:19:13 2023
4095  4095  4095  4095  4095  
   1    67    29  
1677145754 Thu Feb 23 15:19:14 2023
4095  4095  4095  4095  4095  
   1    73    29  
1677145754 Thu Feb 23 15:19:14 2023
4095   502  4095  4095  4095  
   1   102    29  
1677145756 Thu Feb 23 15:19:16 2023
4095  4095  4095  4095  4095  
   1    55    29  
1677145757 Thu Feb 23 15:19:17 2023
4095  4095  4095  4095  4095  
   1    75    29  
1677145758 Thu Feb 23 15:19:18 2023
4095  4095  4095  4095  4095  
   1    72    29  
1677145758 Thu Feb 23 15:19:18 2023
4095  4095  4095  4095  4095  
   1    80    29  
1677145760 Thu Feb 23 15:19:19 2023
4095  4095  4095  4095  4095  
   1    77    29  
1677145760 Thu Feb 23 15:19:20 2023
4095  4095  4095  4095  4095  
   1    63    29  
1677145760 Thu Feb 23 15:19:20 2023
4095  4095  4095  4095  4095  
   1    68    29  
1677145761 Thu Feb 23 15:19:20 2023
4095  4095  4095  4095  4095  
   1    58    29  
1677145762 Thu Feb 23 15:19:22 2023
4095  4095  4095  4095  4095  
   1    64    29  
1677145762 Thu Feb 23 15:19:22 2023
4095  4095  4095  4095  4095  
   1    62    29  
1677145763 Thu Feb 23 15:19:22 2023
4095  4095  4095  4095  4095  
   1    67    29  
1677145763 Thu Feb 23 15:19:23 2023
4095  4095  4095  4095  4095  
   1    62    29  
1677145764 Thu Feb 23 15:19:23 2023
4095  4095  4095  4095  4095  
   1    54    29  
1677145765 Thu Feb 23 15:19:24 2023
4095  4095  4095  4095  4095  
   1    58    29  
1677145765 Thu Feb 23 15:19:25 2023
4095   489  4095  4095  4095  
   1    89    29  
1677145766 Thu Feb 23 15:19:26 2023
4095  4095  4095  4095  4095  
   1    57    29  
1677145767 Thu Feb 23 15:19:26 2023
4095  4095  4095  4095  4095  
   1    72    29  
1677145767 Thu Feb 23 15:19:27 2023
4095  4095  4095  4095  4095  
   1    78    29  
1677145768 Thu Feb 23 15:19:27 2023
4095  4095  4095  4095  4095  
   1    66    29  
1677145769 Thu Feb 23 15:19:28 2023
4095  4095  4095  4095  4095  
   1    66    29  
1677145769 Thu Feb 23 15:19:29 2023
4095   524  4095  4095  4095  
   1    91    29  
1677145769 Thu Feb 23 15:19:29 2023
4095   478  4095  4095  4095  
   1   108    29  
1677145770 Thu Feb 23 15:19:30 2023
4095  4095  4095  4095  4095  
   1    66    29  
1677145771 Thu Feb 23 15:19:30 2023
4095  4095  4095  4095  4095  
   1    60    29  
1677145771 Thu Feb 23 15:19:31 2023
4095  4095  4095  4095  4095  
   1    59    29  
1677145772 Thu Feb 23 15:19:31 2023
4095  4095  4095  4095  4095  
   1    69    29  
1677145774 Thu Feb 23 15:19:34 2023
4095   509  4095  4095  4095  
   1    83    29  
1677145774 Thu Feb 23 15:19:34 2023
4095  4095  4095  4095  4095  
   1    63    29  
1677145776 Thu Feb 23 15:19:36 2023
4095  4095  4095  4095  4095  
   1    70    29  
1677145777 Thu Feb 23 15:19:36 2023
4095  4095  4095  4095  4095  
   1    82    29  
1677145777 Thu Feb 23 15:19:37 2023
4095  4095  4095  4095  4095  
   1    64    29  
1677145777 Thu Feb 23 15:19:37 2023
4095  4095  4095  4095  4095  
   1    63    29  
1677145778 Thu Feb 23 15:19:37 2023
4095  4095  4095  4095  4095  
   1    73    29  
1677145778 Thu Feb 23 15:19:38 2023
4095  4095  4095  4095  4095  
   1    61    29  
1677145779 Thu Feb 23 15:19:38 2023
4095  4095  4095  4095  4095  
   1    62    29  
1677145779 Thu Feb 23 15:19:39 2023
4095  4095  4095  4095  4095  
   1    62    29  
1677145780 Thu Feb 23 15:19:40 2023
4095  4095  4095  4095  4095  
   1    78    29  
1677145780 Thu Feb 23 15:19:40 2023
4095  4095  4095  4095  4095  
   1    64    29  
1677145781 Thu Feb 23 15:19:41 2023
4095  4095  4095  4095  4095  
   1    52    29  
1677145782 Thu Feb 23 15:19:41 2023
4095  4095  4095  4095  4095  
   1    68    29  
1677145782 Thu Feb 23 15:19:42 2023
4095  4095  4095  4095  4095  
   1    64    29  
1677145783 Thu Feb 23 15:19:43 2023
4095  4095  4095  4095  4095  
   1    65    29  
1677145785 Thu Feb 23 15:19:45 2023
4095  4095  4095  4095  4095  
   1    70    29  
1677145786 Thu Feb 23 15:19:46 2023
4095  4095  4095  4095  4095  
   1    70    29  
1677145787 Thu Feb 23 15:19:47 2023
4095  4095  4095  4095  4095  
   1    55    29  
1677145787 Thu Feb 23 15:19:47 2023
4095  4095  4095  4095  4095  
   1    60    29  
1677145787 Thu Feb 23 15:19:47 2023
4095  4095  4095  4095  4095  
   1    57    29  
1677145788 Thu Feb 23 15:19:48 2023
4095  4095  4095  4095  4095  
   1    56    29  
1677145788 Thu Feb 23 15:19:48 2023
4095  4095  4095  4095  4095  
   1    64    29  
1677145789 Thu Feb 23 15:19:49 2023
4095   477  4095  4095  4095  
   1    97    29  
1677145790 Thu Feb 23 15:19:50 2023
4095  4095  4095  4095  4095  
   1    58    29  
1677145790 Thu Feb 23 15:19:50 2023
4095  4095  4095  4095  4095  
   1    63    29  
1677145790 Thu Feb 23 15:19:50 2023
4095  4095  4095  4095  4095  
   1    72    29  
1677145791 Thu Feb 23 15:19:51 2023
4095   487  4095  4095  4095  
   1    90    29  
1677145791 Thu Feb 23 15:19:51 2023
4095  4095  4095  4095  4095  
   1    60    29  
1677145792 Thu Feb 23 15:19:52 2023
4095  4095  4095  4095  4095  
   1    73    29  
1677145793 Thu Feb 23 15:19:53 2023
4095  4095  4095  4095  4095  
   1    60    29  
1677145794 Thu Feb 23 15:19:53 2023
4095  4095  4095  4095  4095  
   1    63    29  
1677145794 Thu Feb 23 15:19:54 2023
4095  4095  4095  4095  4095  
   1    69    29  
1677145795 Thu Feb 23 15:19:55 2023
4095  4095  4095  4095  4095  
   1    63    29  
1677145795 Thu Feb 23 15:19:55 2023
4095  4095  4095  4095  4095  
   1    58    29  
1677145796 Thu Feb 23 15:19:55 2023
4095  4095  4095  4095  4095  
   1    75    29  
1677145796 Thu Feb 23 15:19:56 2023
4095  4095  4095  4095  4095  
   1    65    29  
1677145796 Thu Feb 23 15:19:56 2023
4095  4095  4095  4095  4095  
   1    63    29  
1677145797 Thu Feb 23 15:19:57 2023
4095  4095  4095  4095  4095  
   1    60    29  
1677145798 Thu Feb 23 15:19:58 2023
4095  4095  4095  4095  4095  
   1    64    29  
1677145798 Thu Feb 23 15:19:58 2023
4095  4095  4095  4095  4095  
   1    52    29  
1677145799 Thu Feb 23 15:19:59 2023
4095  4095  4095  4095  4095  
   1    71    29  
1677145799 Thu Feb 23 15:19:59 2023
4095  4095  4095  4095  4095  
   1    63    29  
1677145800 Thu Feb 23 15:20:00 2023
4095  4095  4095  4095  4095  
   1    60    29  
1677145800 Thu Feb 23 15:20:00 2023
4095  4095  4095  4095  4095  
   1    72    29  
1677145802 Thu Feb 23 15:20:02 2023
4095  4095  4095  4095  4095  
   1    55    29  
1677145803 Thu Feb 23 15:20:03 2023
4095  4095  4095  4095  4095  
   1    68    29  
1677145805 Thu Feb 23 15:20:04 2023
4095  4095  4095  4095  4095  
   1    70    29  
1677145807 Thu Feb 23 15:20:06 2023
4095  4095  4095  4095  4095  
   1    53    29  
1677145807 Thu Feb 23 15:20:07 2023
4095  4095  4095  4095  4095  
   1    71    29  
1677145808 Thu Feb 23 15:20:08 2023
4095  4095  4095  4095  4095  
   1    66    29  
1677145809 Thu Feb 23 15:20:08 2023
4095  4095  4095  4095  4095  
   1    68    29  
1677145809 Thu Feb 23 15:20:09 2023
4095  4095  4095  4095  4095  
   1    69    29  
1677145810 Thu Feb 23 15:20:10 2023
4095  4095  4095  4095  4095  
   1    54    29  
1677145811 Thu Feb 23 15:20:11 2023
4095  4095  4095  4095  4095  
   1    58    29  
1677145812 Thu Feb 23 15:20:11 2023
4095  4095  4095  4095  4095  
   1    69    29  
1677145814 Thu Feb 23 15:20:14 2023
4095  4095  4095  4095  4095  
   1    75    29  
1677145814 Thu Feb 23 15:20:14 2023
4095  4095  4095  4095  4095  
   1    76    29  
1677145815 Thu Feb 23 15:20:14 2023
4095  4095  4095  4095  4095  
   1    56    29  
1677145815 Thu Feb 23 15:20:15 2023
4095  4095  4095  4095  4095  
   1    71    29  
1677145816 Thu Feb 23 15:20:15 2023
4095  4095  4095  4095  4095  
   1    74    29  
1677145817 Thu Feb 23 15:20:16 2023
4095  4095  4095  4095  4095  
   1    68    29  
1677145817 Thu Feb 23 15:20:17 2023
4095  4095  4095  4095  4095  
   1    63    29  
1677145818 Thu Feb 23 15:20:17 2023
4095  4095  4095  4095  4095  
   1    62    29  
1677145818 Thu Feb 23 15:20:18 2023
4095  4095  4095  4095  4095  
   1    65    29  
1677145820 Thu Feb 23 15:20:19 2023
4095  4095  4095  4095  4095  
   1    60    29  
1677145820 Thu Feb 23 15:20:20 2023
4095  4095  4095  4095  4095  
   1    57    29  
1677145820 Thu Feb 23 15:20:20 2023
4095  4095  4095  4095  4095  
   1    54    29  
1677145821 Thu Feb 23 15:20:20 2023
4095  4095  4095  4095  4095  
   1    62    29  
1677145822 Thu Feb 23 15:20:21 2023
4095  4095  4095  4095  4095  
   1    57    29  
1677145822 Thu Feb 23 15:20:22 2023
4095  4095  4095  4095  4095  
   1    76    29  
1677145823 Thu Feb 23 15:20:22 2023
4095  4095  4095  4095  4095  
   1    69    29  
1677145823 Thu Feb 23 15:20:23 2023
4095  4095  4095  4095  4095  
   1    68    29  
1677145824 Thu Feb 23 15:20:23 2023
4095  4095  4095  4095  4095  
   1    68    29  
1677145824 Thu Feb 23 15:20:24 2023
4095  4095  4095  4095  4095  
   1    57    29  
1677145825 Thu Feb 23 15:20:25 2023
4095  4095  4095  4095  4095  
   1    52    29  
1677145826 Thu Feb 23 15:20:25 2023
4095  4095  4095  4095  4095  
   1    56    29  
1677145826 Thu Feb 23 15:20:26 2023
4095  4095  4095  4095  4095  
   1    63    29  
1677145826 Thu Feb 23 15:20:26 2023
4095  4095  4095  4095  4095  
   1    67    29  
1677145827 Thu Feb 23 15:20:26 2023
4095  4095  4095  4095  4095  
   1    65    29  
1677145827 Thu Feb 23 15:20:27 2023
4095  4095  4095  4095  4095  
   1    70    29  
1677145827 Thu Feb 23 15:20:27 2023
4095  4095  4095  4095  4095  
   1    72    29  
1677145828 Thu Feb 23 15:20:27 2023
4095  4095  4095  4095  4095  
   1    66    29  
1677145828 Thu Feb 23 15:20:28 2023
4095  4095  4095  4095  4095  
   1    64    29  
1677145828 Thu Feb 23 15:20:28 2023
4095  4095  4095  4095  4095  
   1    66    29  
1677145829 Thu Feb 23 15:20:29 2023
4095  4095  4095  4095  4095  
   1    67    29  
1677145829 Thu Feb 23 15:20:29 2023
4095   494  4095  4095  4095  
   1    87    29  
1677145831 Thu Feb 23 15:20:31 2023
4095   510  4095  4095  4095  
   1    85    29  
1677145832 Thu Feb 23 15:20:31 2023
4095  4095  4095  4095  4095  
   1    75    29  
1677145832 Thu Feb 23 15:20:32 2023
4095  4095  4095  4095  4095  
   1    55    29  
1677145832 Thu Feb 23 15:20:32 2023
4095  4095  4095  4095  4095  
   1    63    29  
1677145833 Thu Feb 23 15:20:32 2023
4095  4095  4095  4095  4095  
   1    56    29  
1677145834 Thu Feb 23 15:20:33 2023
4095  4095  4095  4095  4095  
   1    71    29  
1677145834 Thu Feb 23 15:20:34 2023
4095  4095  4095  4095  4095  
   1    64    29  
1677145835 Thu Feb 23 15:20:34 2023
4095  4095  4095  4095  4095  
   1    69    29  
1677145835 Thu Feb 23 15:20:35 2023
4095  4095  4095  4095  4095  
   1    76    29  
1677145836 Thu Feb 23 15:20:35 2023
4095  4095  4095  4095  4095  
   1    60    29  
1677145836 Thu Feb 23 15:20:36 2023
4095  4095  4095  4095  4095  
   1    75    29  
1677145836 Thu Feb 23 15:20:36 2023
4095  4095  4095  4095  4095  
   1    59    29  
1677145837 Thu Feb 23 15:20:36 2023
4095  4095  4095  4095  4095  
   1    57    29  
1677145837 Thu Feb 23 15:20:37 2023
4095  4095  4095  4095  4095  
   1    73    29  
1677145837 Thu Feb 23 15:20:37 2023
4095  4095  4095  4095  4095  
   1    64    29  
1677145837 Thu Feb 23 15:20:37 2023
4095  4095  4095  4095  4095  
   1    72    29  
1677145838 Thu Feb 23 15:20:37 2023
4095  4095  4095  4095  4095  
   1    62    29  
1677145838 Thu Feb 23 15:20:38 2023
4095   503  4095  4095  4095  
   1    86    29  
1677145839 Thu Feb 23 15:20:38 2023
4095   504  4095  4095  4095  
   1    91    29  
1677145839 Thu Feb 23 15:20:39 2023
4095  4095  4095  4095  4095  
   1    65    29  
1677145839 Thu Feb 23 15:20:39 2023
4095  4095  4095  4095  4095  
   1    76    29  
1677145839 Thu Feb 23 15:20:39 2023
4095  4095  4095  4095  4095  
   1    53    29  
1677145840 Thu Feb 23 15:20:40 2023
4095  4095  4095  4095  4095  
   1    71    29  
1677145841 Thu Feb 23 15:20:40 2023
4095  4095  4095  4095  4095  
   1    73    29  
1677145841 Thu Feb 23 15:20:41 2023
4095  4095  4095  4095  4095  
   1    61    29  
1677145841 Thu Feb 23 15:20:41 2023
4095  4095  4095  4095  4095  
   1    59    29  
1677145842 Thu Feb 23 15:20:42 2023
4095  4095  4095  4095  4095  
   1    75    29  
1677145843 Thu Feb 23 15:20:42 2023
4095  4095  4095  4095  4095  
   1    56    29  
1677145843 Thu Feb 23 15:20:43 2023
4095  4095  4095  4095  4095  
   1    61    29  
1677145844 Thu Feb 23 15:20:44 2023
4095  4095  4095  4095  4095  
   1    62    29  
1677145845 Thu Feb 23 15:20:45 2023
4095  4095  4095  4095  4095  
   1    74    29  
1677145847 Thu Feb 23 15:20:46 2023
4095  4095  4095  4095  4095  
   1    64    29  
1677145847 Thu Feb 23 15:20:47 2023
4095  4095  4095  4095  4095  
   1    59    29  
1677145848 Thu Feb 23 15:20:48 2023
4095  4095  4095  4095  4095  
   1    65    29  
1677145849 Thu Feb 23 15:20:49 2023
4095  4095  4095  4095  4095  
   1    75    29  
1677145850 Thu Feb 23 15:20:49 2023
4095  4095  4095  4095  4095  
   1    59    29  
1677145850 Thu Feb 23 15:20:50 2023
4095  4095  4095  4095  4095  
   1    60    29  
1677145850 Thu Feb 23 15:20:50 2023
4095   519  4095  4095  4095  
   1    80    29  
1677145851 Thu Feb 23 15:20:51 2023
4095  4095  4095  4095  4095  
   1    68    29  
1677145852 Thu Feb 23 15:20:52 2023
4095  4095  4095  4095  4095  
   1    80    29  
1677145853 Thu Feb 23 15:20:53 2023
4095  4095  4095  4095  4095  
   1    61    29  
1677145853 Thu Feb 23 15:20:53 2023
4095  4095  4095  4095  4095  
   1    67    29  
1677145853 Thu Feb 23 15:20:53 2023
4095  4095  4095  4095  4095  
   1    79    29  
1677145854 Thu Feb 23 15:20:53 2023
4095  4095  4095  4095  4095  
   1    64    29  
1677145854 Thu Feb 23 15:20:54 2023
4095  4095  4095  4095  4095  
   1    66    29  
1677145854 Thu Feb 23 15:20:54 2023
4095  4095  4095  4095  4095  
   1    67    29  
1677145855 Thu Feb 23 15:20:55 2023
4095  4095  4095  4095  4095  
   1    64    29  
1677145855 Thu Feb 23 15:20:55 2023
4095  4095  4095  4095  4095  
   1    66    29  
1677145857 Thu Feb 23 15:20:57 2023
4095  4095  4095  4095  4095  
   1    58    29  
1677145858 Thu Feb 23 15:20:58 2023
4095  4095  4095  4095  4095  
   1    67    29  
1677145859 Thu Feb 23 15:20:58 2023
4095  4095  4095  4095  4095  
   1    76    29  
1677145859 Thu Feb 23 15:20:59 2023
4095  4095  4095  4095  4095  
   1    64    29  
1677145860 Thu Feb 23 15:20:59 2023
4095  4095  4095  4095  4095  
   1    58    29  
1677145860 Thu Feb 23 15:21:00 2023
4095   528  4095  4095  4095  
   1    86    29  
1677145862 Thu Feb 23 15:21:02 2023
4095   505  4095  4095  4095  
   1    88    29  
1677145862 Thu Feb 23 15:21:02 2023
4095  4095  4095  4095  4095  
   1    62    29  
1677145863 Thu Feb 23 15:21:02 2023
4095  4095  4095  4095  4095  
   1    68    29  
1677145863 Thu Feb 23 15:21:03 2023
4095  4095  4095  4095  4095  
   1    72    29  
1677145863 Thu Feb 23 15:21:03 2023
4095  4095  4095  4095  4095  
   1    53    29  
1677145864 Thu Feb 23 15:21:03 2023
4095  4095  4095  4095  4095  
   1    67    29  
1677145864 Thu Feb 23 15:21:04 2023
4095  4095  4095  4095  4095  
   1    60    29  
1677145864 Thu Feb 23 15:21:04 2023
4095  4095  4095  4095  4095  
   1    59    29  
1677145865 Thu Feb 23 15:21:05 2023
4095  4095  4095  4095  4095  
   1    58    29  
1677145865 Thu Feb 23 15:21:05 2023
4095   532  4095  4095  4095  
   1    91    29  
1677145866 Thu Feb 23 15:21:06 2023
4095   542  4095  4095  4095  
   1    85    29  
1677145866 Thu Feb 23 15:21:06 2023
4095  4095  4095  4095  4095  
   1    67    29  
1677145867 Thu Feb 23 15:21:07 2023
4095  4095  4095  4095  4095  
   1    53    29  
1677145870 Thu Feb 23 15:21:10 2023
4095  4095  4095  4095  4095  
   1    70    29  
1677145870 Thu Feb 23 15:21:10 2023
4095  4095  4095  4095  4095  
   1    55    29  
1677145870 Thu Feb 23 15:21:10 2023
4095   507  4095  4095  4095  
   1   100    29  
1677145871 Thu Feb 23 15:21:10 2023
4095  4095  4095  4095  4095  
   1    65    29  
1677145873 Thu Feb 23 15:21:12 2023
4095  4095  4095  4095  4095  
   1    62    29  
1677145873 Thu Feb 23 15:21:13 2023
4095   487  4095  4095  4095  
   1    87    29  
1677145873 Thu Feb 23 15:21:13 2023
4095  4095  4095  4095  4095  
   1    59    29  
1677145874 Thu Feb 23 15:21:14 2023
4095  4095  4095  4095  4095  
   1    55    29  
1677145874 Thu Feb 23 15:21:14 2023
4095  4095  4095  4095  4095  
   1    62    29  
1677145874 Thu Feb 23 15:21:14 2023
4095  4095  4095  4095  4095  
   1    62    29  
1677145875 Thu Feb 23 15:21:14 2023
4095  4095  4095  4095  4095  
   1    72    29  
1677145875 Thu Feb 23 15:21:15 2023
4095  4095  4095  4095  4095  
   1    70    29  
1677145875 Thu Feb 23 15:21:15 2023
4095  4095  4095  4095  4095  
   1    65    29  
1677145875 Thu Feb 23 15:21:15 2023
4095  4095  4095  4095  4095  
   1    56    29  
1677145876 Thu Feb 23 15:21:16 2023
4095  4095  4095  4095  4095  
   1    68    29  
1677145876 Thu Feb 23 15:21:16 2023
4095  4095  4095  4095  4095  
   1    75    29  
1677145877 Thu Feb 23 15:21:17 2023
4095  4095  4095  4095  4095  
   1    63    29  
1677145877 Thu Feb 23 15:21:17 2023
4095  4095  4095  4095  4095  
   1    70    29  
1677145878 Thu Feb 23 15:21:17 2023
4095  4095  4095  4095  4095  
   1    50    29  
1677145878 Thu Feb 23 15:21:18 2023
4095  4095  4095  4095  4095  
   1    75    29  
1677145878 Thu Feb 23 15:21:18 2023
4095  4095  4095  4095  4095  
   1    65    29  
1677145879 Thu Feb 23 15:21:18 2023
4095  4095  4095  4095  4095  
   1    57    29  
1677145880 Thu Feb 23 15:21:19 2023
4095  4095  4095  4095  4095  
   1    63    29  
1677145880 Thu Feb 23 15:21:20 2023
4095  4095  4095  4095  4095  
   1    56    29  
1677145880 Thu Feb 23 15:21:20 2023
4095  4095  4095  4095  4095  
   1    73    29  
1677145880 Thu Feb 23 15:21:20 2023
4095  4095  4095  4095  4095  
   1    83    29  
1677145881 Thu Feb 23 15:21:20 2023
4095  4095  4095  4095  4095  
   1    61    29  
1677145882 Thu Feb 23 15:21:22 2023
4095  4095  4095  4095  4095  
   1    61    29  
1677145883 Thu Feb 23 15:21:22 2023
4095  4095  4095  4095  4095  
   1    58    29  
1677145883 Thu Feb 23 15:21:23 2023
4095  4095  4095  4095  4095  
   1    69    29  
1677145884 Thu Feb 23 15:21:24 2023
4095  4095  4095  4095  4095  
   1    67    29  
1677145886 Thu Feb 23 15:21:25 2023
4095   483  4095  4095  4095  
   1   132    29  
1677145887 Thu Feb 23 15:21:27 2023
4095  4095  4095  4095  4095  
   1    62    29  
1677145888 Thu Feb 23 15:21:27 2023
4095  4095  4095  4095  4095  
   1    83    29  
1677145888 Thu Feb 23 15:21:28 2023
4095  4095  4095  4095  4095  
   1    67    29  
1677145889 Thu Feb 23 15:21:28 2023
4095  4095  4095  4095  4095  
   1    75    29  
1677145889 Thu Feb 23 15:21:29 2023
4095  4095  4095  4095  4095  
   1    64    29  
1677145889 Thu Feb 23 15:21:29 2023
4095  4095  4095  4095  4095  
   1    60    29  
1677145890 Thu Feb 23 15:21:29 2023
4095  4095  4095  4095  4095  
   1    59    29  
1677145890 Thu Feb 23 15:21:30 2023
4095  4095  4095  4095  4095  
   1    76    29  
1677145890 Thu Feb 23 15:21:30 2023
4095  4095  4095  4095  4095  
   1    66    29  
1677145891 Thu Feb 23 15:21:30 2023
4095  4095  4095  4095  4095  
   1    85    29  
1677145891 Thu Feb 23 15:21:31 2023
4095  4095  4095  4095  4095  
   1    60    29  
1677145892 Thu Feb 23 15:21:31 2023
4095  4095  4095  4095  4095  
   1    74    29  
1677145892 Thu Feb 23 15:21:32 2023
4095  4095  4095  4095  4095  
   1    62    29  
1677145892 Thu Feb 23 15:21:32 2023
4095  4095  4095  4095  4095  
   1    59    29  
1677145893 Thu Feb 23 15:21:32 2023
4095  4095  4095  4095  4095  
   1    61    29  
1677145893 Thu Feb 23 15:21:33 2023
4095  4095  4095  4095  4095  
   1    60    29  
1677145893 Thu Feb 23 15:21:33 2023
4095  4095  4095  4095  4095  
   1    61    29  
1677145894 Thu Feb 23 15:21:34 2023
4095  4095  4095  4095  4095  
   1    67    29  
1677145895 Thu Feb 23 15:21:34 2023
4095  4095  4095  4095  4095  
   1    74    29  
1677145896 Thu Feb 23 15:21:36 2023
4095  4095  4095  4095  4095  
   1    72    29  
1677145896 Thu Feb 23 15:21:36 2023
4095  4095  4095  4095  4095  
   1    73    29  
1677145897 Thu Feb 23 15:21:37 2023
4095   477  4095  4095  4095  
   1   110    29  
1677145898 Thu Feb 23 15:21:38 2023
4095  4095  4095  4095  4095  
   1    65    29  
1677145898 Thu Feb 23 15:21:38 2023
4095  4095  4095  4095  4095  
   1    69    29  
1677145899 Thu Feb 23 15:21:38 2023
4095  4095  4095  4095  4095  
   1    60    29  
1677145899 Thu Feb 23 15:21:39 2023
4095  4095  4095  4095  4095  
   1    56    29  
1677145899 Thu Feb 23 15:21:39 2023
4095   498  4095  4095  4095  
   1    95    29  
1677145899 Thu Feb 23 15:21:39 2023
4095  4095  4095  4095  4095  
   1    64    29  
1677145901 Thu Feb 23 15:21:40 2023
4095  4095  4095  4095  4095  
   1    72    29  
1677145901 Thu Feb 23 15:21:41 2023
4095  4095  4095  4095  4095  
   1    67    29  
1677145901 Thu Feb 23 15:21:41 2023
4095  4095  4095  4095  4095  
   1    65    29  
1677145902 Thu Feb 23 15:21:42 2023
4095  4095  4095  4095  4095  
   1    71    29  
1677145902 Thu Feb 23 15:21:42 2023
4095  4095  4095  4095  4095  
   1    52    29  
1677145903 Thu Feb 23 15:21:42 2023
4095  4095  4095  4095  4095  
   1    58    29  
1677145903 Thu Feb 23 15:21:43 2023
4095  4095  4095  4095  4095  
   1    52    29  
1677145904 Thu Feb 23 15:21:43 2023
4095  4095  4095  4095  4095  
   1    59    29  
1677145904 Thu Feb 23 15:21:44 2023
4095  4095  4095  4095  4095  
   1    62    29  
1677145904 Thu Feb 23 15:21:44 2023
4095  4095  4095  4095  4095  
   1    62    29  
1677145905 Thu Feb 23 15:21:44 2023
4095   484  4095  4095  4095  
   1    80    29  
1677145905 Thu Feb 23 15:21:45 2023
4095   487  4095  4095  4095  
   1    91    29  
1677145906 Thu Feb 23 15:21:45 2023
4095  4095  4095  4095  4095  
   1    67    29  
1677145906 Thu Feb 23 15:21:46 2023
4095  4095  4095  4095  4095  
   1    58    29  
1677145906 Thu Feb 23 15:21:46 2023
4095  4095  4095  4095  4095  
   1    60    29  
1677145907 Thu Feb 23 15:21:47 2023
4095  4095  4095  4095  4095  
   1    71    29  
1677145908 Thu Feb 23 15:21:48 2023
4095  4095  4095  4095  4095  
   1    55    29  
1677145908 Thu Feb 23 15:21:48 2023
4095  4095  4095  4095  4095  
   1    61    29  
1677145909 Thu Feb 23 15:21:48 2023
4095  4095  4095  4095  4095  
   1    55    29  
1677145909 Thu Feb 23 15:21:49 2023
4095  4095  4095  4095  4095  
   1    57    29  
1677145909 Thu Feb 23 15:21:49 2023
4095   474  4095  4095  4095  
   1    87    29  
1677145911 Thu Feb 23 15:21:50 2023
4095  4095  4095  4095  4095  
   1    58    29  
1677145911 Thu Feb 23 15:21:51 2023
4095  4095  4095  4095  4095  
   1    59    29  
1677145912 Thu Feb 23 15:21:51 2023
4095  4095  4095  4095  4095  
   1    64    29  
1677145912 Thu Feb 23 15:21:52 2023
4095  4095  4095  4095  4095  
   1    67    29  
1677145913 Thu Feb 23 15:21:53 2023
4095  4095  4095  4095  4095  
   1    76    29  
1677145913 Thu Feb 23 15:21:53 2023
4095   481  4095  4095  4095  
   1    96    29  
1677145913 Thu Feb 23 15:21:53 2023
4095  4095  4095  4095  4095  
   1    65    29  
1677145915 Thu Feb 23 15:21:55 2023
4095  4095  4095  4095  4095  
   1    57    29  
1677145916 Thu Feb 23 15:21:56 2023
4095  4095  4095  4095  4095  
   1    64    29  
1677145917 Thu Feb 23 15:21:56 2023
4095  4095  4095  4095  4095  
   1    63    29  
1677145917 Thu Feb 23 15:21:57 2023
4095  4095  4095  4095  4095  
   1    66    29  
1677145917 Thu Feb 23 15:21:57 2023
4095  4095  4095  4095  4095  
   1    64    29  
1677145917 Thu Feb 23 15:21:57 2023
4095  4095  4095  4095  4095  
   1    66    29  
1677145918 Thu Feb 23 15:21:57 2023
4095  4095  4095  4095  4095  
   1    70    29  
1677145918 Thu Feb 23 15:21:58 2023
4095  4095  4095  4095  4095  
   1    79    29  
1677145919 Thu Feb 23 15:21:58 2023
4095  4095  4095  4095  4095  
   1    77    29  
1677145920 Thu Feb 23 15:22:00 2023
4095  4095  4095  4095  4095  
   1    57    29  
1677145921 Thu Feb 23 15:22:00 2023
4095  4095  4095  4095  4095  
   1    69    29  
1677145921 Thu Feb 23 15:22:01 2023
4095  4095  4095  4095  4095  
   1    61    29  
1677145922 Thu Feb 23 15:22:01 2023
4095  4095  4095  4095  4095  
   1    57    29  
1677145922 Thu Feb 23 15:22:02 2023
4095  4095  4095  4095  4095  
   1    65    29  
1677145922 Thu Feb 23 15:22:02 2023
4095   494  4095  4095  4095  
   1    82    29  
1677145923 Thu Feb 23 15:22:02 2023
4095  4095  4095  4095  4095  
   1    54    29  
1677145923 Thu Feb 23 15:22:03 2023
4095  4095  4095  4095  4095  
   1    79    29  
1677145924 Thu Feb 23 15:22:04 2023
4095  4095  4095  4095  4095  
   1    79    29  
1677145924 Thu Feb 23 15:22:04 2023
4095  4095  4095  4095  4095  
   1    61    29  
1677145925 Thu Feb 23 15:22:05 2023
4095  4095  4095  4095  4095  
   1    67    29  
1677145925 Thu Feb 23 15:22:05 2023
4095  4095  4095  4095  4095  
   1    72    29  
1677145926 Thu Feb 23 15:22:05 2023
4095  4095  4095  4095  4095  
   1    71    29  
1677145926 Thu Feb 23 15:22:06 2023
4095   473  4095  4095  4095  
   1    84    29  
1677145927 Thu Feb 23 15:22:06 2023
4095  4095  4095  4095  4095  
   1    67    29  
1677145927 Thu Feb 23 15:22:07 2023
4095  4095  4095  4095  4095  
   1    67    29  
1677145928 Thu Feb 23 15:22:08 2023
4095  4095  4095  4095  4095  
   1    57    29  
1677145928 Thu Feb 23 15:22:08 2023
4095  4095  4095  4095  4095  
   1    62    29  
1677145929 Thu Feb 23 15:22:09 2023
4095  4095  4095  4095  4095  
   1    57    29  
1677145929 Thu Feb 23 15:22:09 2023
4095  4095  4095  4095  4095  
   1    70    29  
1677145930 Thu Feb 23 15:22:10 2023
4095  4095  4095  4095  4095  
   1    80    29  
1677145931 Thu Feb 23 15:22:11 2023
4095  4095  4095  4095  4095  
   1    56    29  
1677145931 Thu Feb 23 15:22:11 2023
4095  4095  4095  4095  4095  
   1    66    29  
1677145932 Thu Feb 23 15:22:12 2023
4095   496  4095  4095  4095  
   1    94    29  
1677145932 Thu Feb 23 15:22:12 2023
4095  4095  4095  4095  4095  
   1    59    29  
1677145933 Thu Feb 23 15:22:13 2023
4095  4095  4095  4095  4095  
   1    63    29  
1677145934 Thu Feb 23 15:22:13 2023
4095  4095  4095  4095  4095  
   1    58    29  
1677145934 Thu Feb 23 15:22:14 2023
4095   507  4095  4095  4095  
   1    74    29  
1677145934 Thu Feb 23 15:22:14 2023
4095  4095  4095  4095  4095  
   1    75    29  
1677145935 Thu Feb 23 15:22:14 2023
4095  4095  4095  4095  4095  
   1    67    29  
1677145935 Thu Feb 23 15:22:15 2023
4095  4095  4095  4095  4095  
   1    74    29  
1677145936 Thu Feb 23 15:22:16 2023
4095  4095  4095  4095  4095  
   1    62    29  
1677145937 Thu Feb 23 15:22:16 2023
4095  4095  4095  4095  4095  
   1    64    29  
1677145937 Thu Feb 23 15:22:17 2023
4095  4095  4095  4095  4095  
   1    63    29  
1677145938 Thu Feb 23 15:22:18 2023
4095  4095  4095  4095  4095  
   1    65    29  
1677145939 Thu Feb 23 15:22:18 2023
4095  4095  4095  4095  4095  
   1    71    29  
1677145939 Thu Feb 23 15:22:19 2023
4095  4095  4095  4095  4095  
   1    76    29  
1677145940 Thu Feb 23 15:22:19 2023
4095  4095  4095  4095  4095  
   1    68    29  
1677145940 Thu Feb 23 15:22:20 2023
4095  4095  4095  4095  4095  
   1    67    29  
1677145940 Thu Feb 23 15:22:20 2023
4095  4095  4095  4095  4095  
   1    56    29  
1677145941 Thu Feb 23 15:22:20 2023
4095  4095  4095  4095  4095  
   1    64    29  
1677145941 Thu Feb 23 15:22:21 2023
4095  4095  4095  4095  4095  
   1    60    29  
1677145942 Thu Feb 23 15:22:21 2023
4095  4095  4095  4095  4095  
   1    67    29  
1677145942 Thu Feb 23 15:22:22 2023
4095   507  4095  4095  4095  
   1    82    29  
1677145942 Thu Feb 23 15:22:22 2023
4095  4095  4095  4095  4095  
   1    70    29  
1677145943 Thu Feb 23 15:22:23 2023
4095  4095  4095  4095  4095  
   1    66    29  
1677145944 Thu Feb 23 15:22:23 2023
4095  4095  4095  4095  4095  
   1    66    29  
1677145944 Thu Feb 23 15:22:24 2023
4095  4095  4095  4095  4095  
   1    69    29  
1677145944 Thu Feb 23 15:22:24 2023
4095  4095  4095  4095  4095  
   1    60    29  
1677145944 Thu Feb 23 15:22:24 2023
4095  4095  4095  4095  4095  
   1    72    29  
1677145945 Thu Feb 23 15:22:24 2023
4095  4095  4095  4095  4095  
   1    61    29  
1677145945 Thu Feb 23 15:22:25 2023
4095  4095  4095  4095  4095  
   1    61    29  
1677145946 Thu Feb 23 15:22:25 2023
4095  4095  4095  4095  4095  
   1    68    29  
1677145946 Thu Feb 23 15:22:26 2023
4095  4095  4095  4095  4095  
   1    60    29  
1677145948 Thu Feb 23 15:22:28 2023
4095  4095  4095  4095  4095  
   1    56    29  
1677145949 Thu Feb 23 15:22:29 2023
4095  4095  4095  4095  4095  
   1    76    29  
1677145950 Thu Feb 23 15:22:30 2023
4095  4095  4095  4095  4095  
   1    60    29  
1677145951 Thu Feb 23 15:22:31 2023
4095  4095  4095  4095  4095  
   1    69    29  
1677145952 Thu Feb 23 15:22:32 2023
4095  4095  4095  4095  4095  
   1    69    29  
1677145952 Thu Feb 23 15:22:32 2023
4095  4095  4095  4095  4095  
   1    68    29  
1677145953 Thu Feb 23 15:22:32 2023
4095  4095  4095  4095  4095  
   1    60    29  
1677145954 Thu Feb 23 15:22:34 2023
4095  4095  4095  4095  4095  
   1    66    29  
1677145954 Thu Feb 23 15:22:34 2023
4095  4095  4095  4095  4095  
   1    59    29  
1677145955 Thu Feb 23 15:22:34 2023
4095  4095  4095  4095  4095  
   1    60    29  
1677145955 Thu Feb 23 15:22:35 2023
4095  4095  4095  4095  4095  
   1    65    29  
1677145956 Thu Feb 23 15:22:35 2023
4095  4095  4095  4095  4095  
   1    53    29  
1677145956 Thu Feb 23 15:22:36 2023
4095  4095  4095  4095  4095  
   1    63    29  
1677145957 Thu Feb 23 15:22:37 2023
4095   509  4095  4095  4095  
   1    77    29  
1677145958 Thu Feb 23 15:22:37 2023
4095  4095  4095  4095  4095  
   1    61    29  
1677145959 Thu Feb 23 15:22:39 2023
4095  4095  4095  4095  4095  
   1    61    29  
1677145960 Thu Feb 23 15:22:40 2023
4095   483  4095  4095  4095  
   1   123    29  
1677145960 Thu Feb 23 15:22:40 2023
4095   478  4095  4095  4095  
   1   100    29  
1677145961 Thu Feb 23 15:22:40 2023
4095  4095  4095  4095  4095  
   1    57    29  
1677145961 Thu Feb 23 15:22:41 2023
4095  4095  4095  4095  4095  
   1    63    29  
1677145962 Thu Feb 23 15:22:41 2023
4095  4095  4095  4095  4095  
   1    58    29  
1677145962 Thu Feb 23 15:22:42 2023
4095   490  4095  4095  4095  
   1    92    29  
1677145962 Thu Feb 23 15:22:42 2023
4095  4095  4095  4095  4095  
   1    58    29  
1677145963 Thu Feb 23 15:22:42 2023
4095  4095  4095  4095  4095  
   1    56    29  
1677145963 Thu Feb 23 15:22:43 2023
4095  4095  4095  4095  4095  
   1    56    29  
1677145964 Thu Feb 23 15:22:44 2023
4095  4095  4095  4095  4095  
   1    62    29  
1677145965 Thu Feb 23 15:22:45 2023
4095  4095  4095  4095  4095  
   1    64    29  
1677145965 Thu Feb 23 15:22:45 2023
4095  4095  4095  4095  4095  
   1    70    29  
1677145966 Thu Feb 23 15:22:45 2023
4095  4095  4095  4095  4095  
   1    61    29  
1677145966 Thu Feb 23 15:22:46 2023
4095   471  4095  4095  4095  
   1   111    29  
1677145966 Thu Feb 23 15:22:46 2023
4095  4095  4095  4095  4095  
   1    72    29  
1677145966 Thu Feb 23 15:22:46 2023
4095  4095  4095  4095  4095  
   1    81    29  
1677145967 Thu Feb 23 15:22:46 2023
4095  4095  4095  4095  4095  
   1    53    29  
1677145967 Thu Feb 23 15:22:47 2023
4095  4095  4095  4095  4095  
   1    59    29  
1677145967 Thu Feb 23 15:22:47 2023
4095  4095  4095  4095  4095  
   1    64    29  
1677145968 Thu Feb 23 15:22:47 2023
4095  4095  4095  4095  4095  
   1    71    29  
1677145968 Thu Feb 23 15:22:48 2023
4095  4095  4095  4095  4095  
   1    69    29  
1677145969 Thu Feb 23 15:22:49 2023
4095  4095  4095  4095  4095  
   1    70    29  
1677145970 Thu Feb 23 15:22:49 2023
4095  4095  4095  4095  4095  
   1    67    29  
1677145970 Thu Feb 23 15:22:50 2023
4095  4095  4095  4095  4095  
   1    60    29  
1677145970 Thu Feb 23 15:22:50 2023
4095  4095  4095  4095  4095  
   1    64    29  
1677145971 Thu Feb 23 15:22:50 2023
4095  4095  4095  4095  4095  
   1    59    29  
1677145971 Thu Feb 23 15:22:51 2023
4095  4095  4095  4095  4095  
   1    65    29  
1677145971 Thu Feb 23 15:22:51 2023
4095  4095  4095  4095  4095  
   1    56    29  
1677145971 Thu Feb 23 15:22:51 2023
4095   483  4095  4095  4095  
   1    94    29  
1677145972 Thu Feb 23 15:22:52 2023
4095  4095  4095  4095  4095  
   1    62    29  
1677145972 Thu Feb 23 15:22:52 2023
4095  4095  4095  4095  4095  
   1    61    29  
1677145973 Thu Feb 23 15:22:52 2023
4095  4095  4095  4095  4095  
   1    60    29  
1677145973 Thu Feb 23 15:22:53 2023
4095   465  4095  4095  4095  
   1   124    29  
1677145973 Thu Feb 23 15:22:53 2023
4095  4095  4095  4095  4095  
   1    61    29  
1677145973 Thu Feb 23 15:22:53 2023
4095  4095  4095  4095  4095  
   1    72    29  
1677145974 Thu Feb 23 15:22:53 2023
4095  4095  4095  4095  4095  
   1    63    29  
1677145975 Thu Feb 23 15:22:55 2023
4095  4095  4095  4095  4095  
   1    60    29  
1677145976 Thu Feb 23 15:22:55 2023
4095  4095  4095  4095  4095  
   1    64    29  
1677145976 Thu Feb 23 15:22:56 2023
4095  4095  4095  4095  4095  
   1    61    29  
1677145977 Thu Feb 23 15:22:56 2023
4095  4095  4095  4095  4095  
   1    67    29  
1677145977 Thu Feb 23 15:22:57 2023
4095  4095  4095  4095  4095  
   1    70    29  
1677145978 Thu Feb 23 15:22:58 2023
4095   404  4095  4095  4095  
   1    93    29  
1677145979 Thu Feb 23 15:22:58 2023
4095   523  4095  4095  4095  
   1    78    29  
1677145980 Thu Feb 23 15:22:59 2023
4095  4095  4095  4095  4095  
   1    66    29  
1677145981 Thu Feb 23 15:23:01 2023
4095  4095  4095  4095  4095  
   1    81    29  
1677145982 Thu Feb 23 15:23:01 2023
4095  4095  4095  4095  4095  
   1    62    29  
1677145984 Thu Feb 23 15:23:04 2023
4095  4095  4095  4095  4095  
   1    71    29  
1677145984 Thu Feb 23 15:23:04 2023
4095  4095  4095  4095  4095  
   1    57    29  
1677145985 Thu Feb 23 15:23:04 2023
4095  4095  4095  4095  4095  
   1    62    29  
1677145985 Thu Feb 23 15:23:05 2023
4095  4095  4095  4095  4095  
   1    67    29  
1677145985 Thu Feb 23 15:23:05 2023
4095  4095  4095  4095  4095  
   1    67    29  
1677145986 Thu Feb 23 15:23:05 2023
4095  4095  4095  4095  4095  
   1    55    29  
1677145986 Thu Feb 23 15:23:06 2023
4095  4095  4095  4095  4095  
   1    59    29  
1677145987 Thu Feb 23 15:23:06 2023
4095  4095  4095  4095  4095  
   1    60    29  
1677145987 Thu Feb 23 15:23:07 2023
4095   486  4095  4095  4095  
   1    89    29  
1677145988 Thu Feb 23 15:23:07 2023
4095  4095  4095  4095  4095  
   1    67    29  
1677145988 Thu Feb 23 15:23:08 2023
4095  4095  4095  4095  4095  
   1    57    29  
1677145989 Thu Feb 23 15:23:09 2023
4095  4095  4095  4095  4095  
   1    64    29  
1677145989 Thu Feb 23 15:23:09 2023
4095  4095  4095  4095  4095  
   1    67    29  
1677145990 Thu Feb 23 15:23:09 2023
4095  4095  4095  4095  4095  
   1    74    29  
1677145990 Thu Feb 23 15:23:10 2023
4095  4095  4095  4095  4095  
   1    60    29  
1677145990 Thu Feb 23 15:23:10 2023
4095  4095  4095  4095  4095  
   1    63    29  
1677145991 Thu Feb 23 15:23:10 2023
4095  4095  4095  4095  4095  
   1    63    29  
1677145992 Thu Feb 23 15:23:11 2023
4095  4095  4095  4095  4095  
   1    77    29  
1677145992 Thu Feb 23 15:23:12 2023
4095  4095  4095  4095  4095  
   1    60    29  
1677145993 Thu Feb 23 15:23:13 2023
4095  4095  4095  4095  4095  
   1    59    29  
1677145994 Thu Feb 23 15:23:13 2023
4095  4095  4095  4095  4095  
   1    80    29  
1677145994 Thu Feb 23 15:23:14 2023
4095  4095  4095  4095  4095  
   1    58    29  
1677145994 Thu Feb 23 15:23:14 2023
4095  4095  4095  4095  4095  
   1    73    29  
1677145995 Thu Feb 23 15:23:14 2023
4095  4095  4095  4095  4095  
   1    56    29  
1677145995 Thu Feb 23 15:23:15 2023
4095  4095  4095  4095  4095  
   1    60    29  
1677145995 Thu Feb 23 15:23:15 2023
4095  4095  4095  4095  4095  
   1    68    29  
1677145996 Thu Feb 23 15:23:16 2023
4095  4095  4095  4095  4095  
   1    65    29  
1677145997 Thu Feb 23 15:23:17 2023
4095  4095  4095  4095  4095  
   1    73    29  
1677145997 Thu Feb 23 15:23:17 2023
4095  4095  4095  4095  4095  
   1    78    29  
1677145998 Thu Feb 23 15:23:18 2023
4095  4095  4095  4095  4095  
   1    65    29  
1677145999 Thu Feb 23 15:23:18 2023
4095  4095  4095  4095  4095  
   1    57    29  
1677145999 Thu Feb 23 15:23:19 2023
4095  4095  4095  4095  4095  
   1    55    29  
1677146000 Thu Feb 23 15:23:19 2023
4095  4095  4095  4095  4095  
   1    67    29  
1677146000 Thu Feb 23 15:23:20 2023
4095  4095  4095  4095  4095  
   1    53    29  
1677146001 Thu Feb 23 15:23:21 2023
4095  4095  4095  4095  4095  
   1    63    29  
1677146002 Thu Feb 23 15:23:21 2023
4095  4095  4095  4095  4095  
   1    63    29  
1677146002 Thu Feb 23 15:23:22 2023
4095  4095  4095  4095  4095  
   1    72    29  
1677146002 Thu Feb 23 15:23:22 2023
4095  4095  4095  4095  4095  
   1    76    29  
1677146003 Thu Feb 23 15:23:23 2023
4095  4095  4095  4095  4095  
   1    64    29  
1677146003 Thu Feb 23 15:23:23 2023
4095   494  4095  4095  4095  
   1    90    29  
1677146004 Thu Feb 23 15:23:23 2023
4095  4095  4095  4095  4095  
   1    58    29  
1677146005 Thu Feb 23 15:23:24 2023
4095  4095  4095  4095  4095  
   1    61    29  
1677146005 Thu Feb 23 15:23:25 2023
4095  4095  4095  4095  4095  
   1    57    29  
1677146005 Thu Feb 23 15:23:25 2023
4095  4095  4095  4095  4095  
   1    74    29  
1677146006 Thu Feb 23 15:23:26 2023
4095  4095  4095  4095  4095  
   1    59    29  
1677146006 Thu Feb 23 15:23:26 2023
4095  4095  4095  4095  4095  
   1    44    29  
1677146007 Thu Feb 23 15:23:27 2023
4095  4095  4095  4095  4095  
   1    74    29  
1677146008 Thu Feb 23 15:23:28 2023
4095   512  4095  4095  4095  
   1    83    29  
1677146008 Thu Feb 23 15:23:28 2023
4095  4095  4095  4095  4095  
   1    62    29  
1677146009 Thu Feb 23 15:23:29 2023
4095   540  4095  4095  4095  
   1    86    29  
1677146009 Thu Feb 23 15:23:29 2023
4095  4095  4095  4095  4095  
   1    62    29  
1677146010 Thu Feb 23 15:23:30 2023
4095  4095  4095  4095  4095  
   1    66    29  
1677146010 Thu Feb 23 15:23:30 2023
4095  4095  4095  4095  4095  
   1    62    29  
1677146011 Thu Feb 23 15:23:31 2023
4095  4095  4095  4095  4095  
   1    62    29  
1677146012 Thu Feb 23 15:23:31 2023
4095  4095  4095  4095  4095  
   1    60    29  
1677146012 Thu Feb 23 15:23:32 2023
4095  4095  4095  4095  4095  
   1    77    29  
1677146013 Thu Feb 23 15:23:32 2023
4095  4095  4095  4095  4095  
   1    56    29  
1677146013 Thu Feb 23 15:23:33 2023
4095  4095  4095  4095  4095  
   1    63    29  
1677146014 Thu Feb 23 15:23:33 2023
4095   496  4095  4095  4095  
   1    81    29  
1677146014 Thu Feb 23 15:23:34 2023
4095  4095  4095  4095  4095  
   1    70    29  
1677146017 Thu Feb 23 15:23:36 2023
4095  4095  4095  4095  4095  
   1    65    29  
1677146017 Thu Feb 23 15:23:37 2023
4095  4095  4095  4095  4095  
   1    62    29  
1677146018 Thu Feb 23 15:23:38 2023
4095  4095  4095  4095  4095  
   1    56    29  
1677146019 Thu Feb 23 15:23:39 2023
4095  4095  4095  4095  4095  
   1    54    29  
1677146020 Thu Feb 23 15:23:40 2023
4095  4095  4095  4095  4095  
   1    54    29  
1677146021 Thu Feb 23 15:23:40 2023
4095  4095  4095  4095  4095  
   1    69    29  
1677146021 Thu Feb 23 15:23:41 2023
4095   514  4095  4095  4095  
   1    79    29  
1677146022 Thu Feb 23 15:23:42 2023
4095   515  4095  4095  4095  
   1    89    29  
1677146023 Thu Feb 23 15:23:42 2023
4095  4095  4095  4095  4095  
   1    65    29  
1677146023 Thu Feb 23 15:23:43 2023
4095  4095  4095  4095  4095  
   1    68    29  
1677146024 Thu Feb 23 15:23:43 2023
4095  4095  4095  4095  4095  
   1    54    29  
1677146024 Thu Feb 23 15:23:44 2023
4095  4095  4095  4095  4095  
   1    64    29  
1677146024 Thu Feb 23 15:23:44 2023
4095  4095  4095  4095  4095  
   1    51    29  
1677146025 Thu Feb 23 15:23:45 2023
4095  4095  4095  4095  4095  
   1    60    29  
1677146025 Thu Feb 23 15:23:45 2023
4095  4095  4095  4095  4095  
   1    68    29  
1677146026 Thu Feb 23 15:23:45 2023
4095  4095  4095  4095  4095  
   1    77    29  
1677146026 Thu Feb 23 15:23:46 2023
4095  4095  4095  4095  4095  
   1    67    29  
1677146027 Thu Feb 23 15:23:47 2023
4095  4095  4095  4095  4095  
   1    78    29  
1677146028 Thu Feb 23 15:23:48 2023
4095  4095  4095  4095  4095  
   1    60    29  
1677146028 Thu Feb 23 15:23:48 2023
4095  4095  4095  4095  4095  
   1    62    29  
1677146029 Thu Feb 23 15:23:49 2023
4095  4095  4095  4095  4095  
   1    84    29  
1677146030 Thu Feb 23 15:23:50 2023
4095  4095  4095  4095  4095  
   1    64    29  
1677146031 Thu Feb 23 15:23:50 2023
4095  4095  4095  4095  4095  
   1    64    29  
1677146031 Thu Feb 23 15:23:51 2023
4095  4095  4095  4095  4095  
   1    58    29  
1677146031 Thu Feb 23 15:23:51 2023
4095  4095  4095  4095  4095  
   1    65    29  
1677146032 Thu Feb 23 15:23:52 2023
4095  4095  4095  4095  4095  
   1    64    29  
1677146032 Thu Feb 23 15:23:52 2023
4095  4095  4095  4095  4095  
   1    63    29  
1677146033 Thu Feb 23 15:23:53 2023
4095  4095  4095  4095  4095  
   1    62    29  
1677146033 Thu Feb 23 15:23:53 2023
4095   474  4095  4095  4095  
   1    89    29  
1677146034 Thu Feb 23 15:23:53 2023
4095  4095  4095  4095  4095  
   1    65    29  
1677146034 Thu Feb 23 15:23:54 2023
4095  4095  4095  4095  4095  
   1    53    29  
1677146034 Thu Feb 23 15:23:54 2023
4095  4095  4095  4095  4095  
   1    61    29  
1677146035 Thu Feb 23 15:23:55 2023
4095  4095  4095  4095  4095  
   1    59    29  
1677146036 Thu Feb 23 15:23:55 2023
4095  4095  4095  4095  4095  
   1    70    29  
1677146036 Thu Feb 23 15:23:56 2023
4095  4095  4095  4095  4095  
   1    79    29  
1677146036 Thu Feb 23 15:23:56 2023
4095  4095  4095  4095  4095  
   1    60    29  
1677146037 Thu Feb 23 15:23:57 2023
4095  4095  4095  4095  4095  
   1    59    29  
1677146038 Thu Feb 23 15:23:57 2023
4095  4095  4095  4095  4095  
   1    60    29  
1677146039 Thu Feb 23 15:23:59 2023
4095  4095  4095  4095  4095  
   1    70    29  
1677146039 Thu Feb 23 15:23:59 2023
4095  4095  4095  4095  4095  
   1    69    29  
1677146040 Thu Feb 23 15:23:59 2023
4095  4095  4095  4095  4095  
   1    66    29  
1677146040 Thu Feb 23 15:24:00 2023
4095  4095  4095  4095  4095  
   1    66    29  
1677146041 Thu Feb 23 15:24:00 2023
4095  4095  4095  4095  4095  
   1    55    29  
1677146042 Thu Feb 23 15:24:01 2023
4095  4095  4095  4095  4095  
   1    63    29  
1677146042 Thu Feb 23 15:24:02 2023
4095  4095  4095  4095  4095  
   1    65    29  
1677146043 Thu Feb 23 15:24:03 2023
4095  4095  4095  4095  4095  
   1    62    29  
1677146044 Thu Feb 23 15:24:04 2023
4095  4095  4095  4095  4095  
   1    57    29  
1677146045 Thu Feb 23 15:24:04 2023
4095  4095  4095  4095  4095  
   1    69    29  
1677146045 Thu Feb 23 15:24:05 2023
4095  4095  4095  4095  4095  
   1    66    29  
1677146046 Thu Feb 23 15:24:05 2023
4095  4095  4095  4095  4095  
   1    59    29  
1677146046 Thu Feb 23 15:24:06 2023
4095  4095  4095  4095  4095  
   1    61    29  
1677146047 Thu Feb 23 15:24:07 2023
4095  4095  4095  4095  4095  
   1    62    29  
1677146048 Thu Feb 23 15:24:08 2023
4095  4095  4095  4095  4095  
   1    60    29  
1677146049 Thu Feb 23 15:24:08 2023
4095  4095  4095  4095  4095  
   1    72    29  
1677146050 Thu Feb 23 15:24:10 2023
4095  4095  4095  4095  4095  
   1    67    29  
1677146051 Thu Feb 23 15:24:10 2023
4095  4095  4095  4095  4095  
   1    60    29  
1677146051 Thu Feb 23 15:24:11 2023
4095  4095  4095  4095  4095  
   1    57    29  
1677146051 Thu Feb 23 15:24:11 2023
4095  4095  4095  4095  4095  
   1    73    29  
1677146051 Thu Feb 23 15:24:11 2023
4095  4095  4095  4095  4095  
   1    76    29  
1677146053 Thu Feb 23 15:24:12 2023
4095  4095  4095  4095  4095  
   1    64    29  
1677146053 Thu Feb 23 15:24:13 2023
4095  4095  4095  4095  4095  
   1    70    29  
1677146054 Thu Feb 23 15:24:14 2023
4095  4095  4095  4095  4095  
   1    59    29  
1677146055 Thu Feb 23 15:24:14 2023
4095  4095  4095  4095  4095  
   1    63    29  
1677146055 Thu Feb 23 15:24:15 2023
4095   493  4095  4095  4095  
   1   113    29  
1677146056 Thu Feb 23 15:24:15 2023
4095  4095  4095  4095  4095  
   1    64    29  
1677146056 Thu Feb 23 15:24:16 2023
4095  4095  4095  4095  4095  
   1    51    29  
1677146056 Thu Feb 23 15:24:16 2023
4095   475  4095  4095  4095  
   1   109    29  
1677146057 Thu Feb 23 15:24:17 2023
4095  4095  4095  4095  4095  
   1    81    29  
1677146058 Thu Feb 23 15:24:18 2023
4095  4095  4095  4095  4095  
   1    69    29  
1677146058 Thu Feb 23 15:24:18 2023
4095  4095  4095  4095  4095  
   1    61    29  
1677146058 Thu Feb 23 15:24:18 2023
4095  4095  4095  4095  4095  
   1    58    29  
1677146059 Thu Feb 23 15:24:18 2023
4095  4095  4095  4095  4095  
   1    57    29  
1677146059 Thu Feb 23 15:24:19 2023
4095  4095  4095  4095  4095  
   1    42    29  
1677146059 Thu Feb 23 15:24:19 2023
4095  4095  4095  4095  4095  
   1    58    29  
1677146060 Thu Feb 23 15:24:19 2023
4095   496  4095  4095  4095  
   1    79    29  
1677146062 Thu Feb 23 15:24:21 2023
4095  4095  4095  4095  4095  
   1    72    29  
1677146062 Thu Feb 23 15:24:22 2023
4095  4095  4095  4095  4095  
   1    77    29  
1677146064 Thu Feb 23 15:24:23 2023
4095  4095  4095  4095  4095  
   1    64    29  
1677146064 Thu Feb 23 15:24:24 2023
4095  4095  4095  4095  4095  
   1    57    29  
1677146064 Thu Feb 23 15:24:24 2023
4095  4095  4095  4095  4095  
   1    49    29  
1677146064 Thu Feb 23 15:24:24 2023
4095  4095  4095  4095  4095  
   1    61    29  
1677146065 Thu Feb 23 15:24:25 2023
4095  4095  4095  4095  4095  
   1    65    29  
1677146065 Thu Feb 23 15:24:25 2023
4095  4095  4095  4095  4095  
   1    76    29  
1677146066 Thu Feb 23 15:24:26 2023
4095  4095  4095  4095  4095  
   1    81    29  
1677146067 Thu Feb 23 15:24:27 2023
4095  4095  4095  4095  4095  
   1    78    29  
1677146067 Thu Feb 23 15:24:27 2023
4095  4095  4095  4095  4095  
   1    67    29  
1677146068 Thu Feb 23 15:24:28 2023
4095  4095  4095  4095  4095  
   1    62    29  
1677146068 Thu Feb 23 15:24:28 2023
4095  4095  4095  4095  4095  
   1    58    29  
1677146069 Thu Feb 23 15:24:28 2023
4095  4095  4095  4095  4095  
   1    62    29  
1677146069 Thu Feb 23 15:24:29 2023
4095  4095  4095  4095  4095  
   1    59    29  
1677146069 Thu Feb 23 15:24:29 2023
4095  4095  4095  4095  4095  
   1    60    29  
1677146069 Thu Feb 23 15:24:29 2023
4095  4095  4095  4095  4095  
   1    78    29  
1677146070 Thu Feb 23 15:24:30 2023
4095  4095  4095  4095  4095  
   1    55    29  
1677146071 Thu Feb 23 15:24:31 2023
4095  4095  4095  4095  4095  
   1    68    29  
1677146072 Thu Feb 23 15:24:31 2023
4095  4095  4095  4095  4095  
   1    72    29  
1677146072 Thu Feb 23 15:24:32 2023
4095  4095  4095  4095  4095  
   1    65    29  
1677146072 Thu Feb 23 15:24:32 2023
4095  4095  4095  4095  4095  
   1    67    29  
1677146073 Thu Feb 23 15:24:33 2023
4095  4095  4095  4095  4095  
   1    70    29  
1677146073 Thu Feb 23 15:24:33 2023
4095  4095  4095  4095  4095  
   1    84    29  
1677146074 Thu Feb 23 15:24:33 2023
4095  4095  4095  4095  4095  
   1    59    29  
1677146074 Thu Feb 23 15:24:34 2023
4095  4095  4095  4095  4095  
   1    58    29  
1677146075 Thu Feb 23 15:24:34 2023
4095  4095  4095  4095  4095  
   1    64    29  
1677146076 Thu Feb 23 15:24:36 2023
4095  4095  4095  4095  4095  
   1    71    29  
1677146076 Thu Feb 23 15:24:36 2023
4095  4095  4095  4095  4095  
   1    55    29  
1677146077 Thu Feb 23 15:24:37 2023
4095  4095  4095  4095  4095  
   1    74    29  
1677146077 Thu Feb 23 15:24:37 2023
4095  4095  4095  4095  4095  
   1    73    29  
1677146078 Thu Feb 23 15:24:38 2023
4095  4095  4095  4095  4095  
   1    66    29  
1677146079 Thu Feb 23 15:24:38 2023
4095  4095  4095  4095  4095  
   1    63    29  
1677146080 Thu Feb 23 15:24:40 2023
4095  4095  4095  4095  4095  
   1    68    29  
1677146081 Thu Feb 23 15:24:41 2023
4095  4095  4095  4095  4095  
   1    80    29  
1677146082 Thu Feb 23 15:24:42 2023
4095  4095  4095  4095  4095  
   1    69    29  
1677146082 Thu Feb 23 15:24:42 2023
4095  4095  4095  4095  4095  
   1    62    29  
1677146083 Thu Feb 23 15:24:42 2023
4095  4095  4095  4095  4095  
   1    59    29  
1677146083 Thu Feb 23 15:24:43 2023
4095  4095  4095  4095  4095  
   1    57    29  
1677146083 Thu Feb 23 15:24:43 2023
4095  4095  4095  4095  4095  
   1    68    29  
1677146083 Thu Feb 23 15:24:43 2023
4095  4095  4095  4095  4095  
   1    77    29  
1677146084 Thu Feb 23 15:24:44 2023
4095  4095  4095  4095  4095  
   1    68    29  
1677146086 Thu Feb 23 15:24:46 2023
4095  4095  4095  4095  4095  
   1    54    29  
1677146087 Thu Feb 23 15:24:47 2023
4095  4095  4095  4095  4095  
   1    72    29  
1677146088 Thu Feb 23 15:24:48 2023
4095  4095  4095  4095  4095  
   1    69    29  
1677146089 Thu Feb 23 15:24:49 2023
4095  4095  4095  4095  4095  
   1    70    29  
1677146090 Thu Feb 23 15:24:50 2023
4095  4095  4095  4095  4095  
   1    63    29  
1677146090 Thu Feb 23 15:24:50 2023
4095  4095  4095  4095  4095  
   1    57    29  
1677146091 Thu Feb 23 15:24:50 2023
4095  4095  4095  4095  4095  
   1    53    29  
1677146091 Thu Feb 23 15:24:51 2023
4095  4095  4095  4095  4095  
   1    65    29  
1677146092 Thu Feb 23 15:24:52 2023
4095  4095  4095  4095  4095  
   1    58    29  
1677146092 Thu Feb 23 15:24:52 2023
4095  4095  4095  4095  4095  
   1    75    29  
1677146092 Thu Feb 23 15:24:52 2023
4095  4095  4095  4095  4095  
   1    59    29  
1677146093 Thu Feb 23 15:24:53 2023
4095  4095  4095  4095  4095  
   1    70    29  
1677146094 Thu Feb 23 15:24:53 2023
4095  4095  4095  4095  4095  
   1    61    29  
1677146094 Thu Feb 23 15:24:54 2023
4095  4095  4095  4095  4095  
   1    72    29  
1677146095 Thu Feb 23 15:24:55 2023
4095  4095  4095  4095  4095  
   1    58    29  
1677146096 Thu Feb 23 15:24:56 2023
4095  4095  4095  4095  4095  
   1    69    29  
1677146096 Thu Feb 23 15:24:56 2023
4095  4095  4095  4095  4095  
   1    76    29  
1677146097 Thu Feb 23 15:24:57 2023
4095   489  4095  4095  4095  
   1    93    29  
1677146098 Thu Feb 23 15:24:57 2023
4095   484  4095  4095  4095  
   1    85    29  
1677146098 Thu Feb 23 15:24:58 2023
4095  4095  4095  4095  4095  
   1    75    29  
1677146098 Thu Feb 23 15:24:58 2023
4095  4095  4095  4095  4095  
   1    78    29  
1677146098 Thu Feb 23 15:24:58 2023
4095  4095  4095  4095  4095  
   1    57    29  
1677146099 Thu Feb 23 15:24:59 2023
4095  4095  4095  4095  4095  
   1    52    29  
1677146100 Thu Feb 23 15:25:00 2023
4095  4095  4095  4095  4095  
   1    56    29  
1677146100 Thu Feb 23 15:25:00 2023
4095  4095  4095  4095  4095  
   1    63    29  
1677146100 Thu Feb 23 15:25:00 2023
4095  4095  4095  4095  4095  
   1    72    29  
1677146101 Thu Feb 23 15:25:01 2023
4095  4095  4095  4095  4095  
   1    73    29  
1677146101 Thu Feb 23 15:25:01 2023
4095  4095  4095  4095  4095  
   1    60    29  
1677146103 Thu Feb 23 15:25:03 2023
4095   522  4095  4095  4095  
   1    81    29  
1677146104 Thu Feb 23 15:25:04 2023
4095  4095  4095  4095  4095  
   1    76    29  
1677146105 Thu Feb 23 15:25:05 2023
4095  4095  4095  4095  4095  
   1    55    29  
1677146106 Thu Feb 23 15:25:06 2023
4095   482  4095  4095  4095  
   1   109    29  
1677146106 Thu Feb 23 15:25:06 2023
4095  4095  4095  4095  4095  
   1    66    29  
1677146106 Thu Feb 23 15:25:06 2023
4095  4095  4095  4095  4095  
   1    67    29  
1677146107 Thu Feb 23 15:25:07 2023
4095  4095  4095  4095  4095  
   1    61    29  
1677146107 Thu Feb 23 15:25:07 2023
4095  4095  4095  4095  4095  
   1    56    29  
1677146108 Thu Feb 23 15:25:08 2023
4095  4095  4095  4095  4095  
   1    55    29  
1677146109 Thu Feb 23 15:25:09 2023
4095  4095  4095  4095  4095  
   1    58    29  
1677146110 Thu Feb 23 15:25:10 2023
4095  4095  4095  4095  4095  
   1    66    29  
1677146110 Thu Feb 23 15:25:10 2023
4095  4095  4095  4095  4095  
   1    44    29  
1677146110 Thu Feb 23 15:25:10 2023
4095  4095  4095  4095  4095  
   1    61    29  
1677146112 Thu Feb 23 15:25:11 2023
4095  4095  4095  4095  4095  
   1    76    29  
1677146112 Thu Feb 23 15:25:12 2023
4095  4095  4095  4095  4095  
   1    60    29  
1677146113 Thu Feb 23 15:25:13 2023
4095  4095  4095  4095  4095  
   1    74    29  
1677146114 Thu Feb 23 15:25:13 2023
4095  4095  4095  4095  4095  
   1    67    29  
1677146114 Thu Feb 23 15:25:14 2023
4095  4095  4095  4095  4095  
   1    55    29  
1677146114 Thu Feb 23 15:25:14 2023
4095  4095  4095  4095  4095  
   1    72    29  
1677146115 Thu Feb 23 15:25:14 2023
4095  4095  4095  4095  4095  
   1    60    29  
1677146116 Thu Feb 23 15:25:16 2023
4095  4095  4095  4095  4095  
   1    71    29  
1677146117 Thu Feb 23 15:25:17 2023
4095  4095  4095  4095  4095  
   1    66    29  
1677146118 Thu Feb 23 15:25:18 2023
4095  4095  4095  4095  4095  
   1    66    29  
1677146118 Thu Feb 23 15:25:18 2023
4095  4095  4095  4095  4095  
   1    59    29  
1677146119 Thu Feb 23 15:25:19 2023
4095  4095  4095  4095  4095  
   1    71    29  
1677146120 Thu Feb 23 15:25:19 2023
4095  4095  4095  4095  4095  
   1    56    29  
1677146120 Thu Feb 23 15:25:20 2023
4095  4095  4095  4095  4095  
   1    70    29  
1677146122 Thu Feb 23 15:25:22 2023
4095  4095  4095  4095  4095  
   1    64    29  
1677146122 Thu Feb 23 15:25:22 2023
4095  4095  4095  4095  4095  
   1    80    29  
1677146123 Thu Feb 23 15:25:23 2023
4095  4095  4095  4095  4095  
   1    79    29  
1677146123 Thu Feb 23 15:25:23 2023
4095  4095  4095  4095  4095  
   1    70    29  
1677146123 Thu Feb 23 15:25:23 2023
4095  4095  4095  4095  4095  
   1    79    29  
1677146124 Thu Feb 23 15:25:23 2023
4095  4095  4095  4095  4095  
   1    51    29  
1677146124 Thu Feb 23 15:25:24 2023
4095  4095  4095  4095  4095  
   1    71    29  
1677146124 Thu Feb 23 15:25:24 2023
4095  4095  4095  4095  4095  
   1    63    29  
1677146126 Thu Feb 23 15:25:26 2023
4095  4095  4095  4095  4095  
   1    64    29  
1677146127 Thu Feb 23 15:25:26 2023
4095  4095  4095  4095  4095  
   1    63    29  
1677146127 Thu Feb 23 15:25:27 2023
4095  4095  4095  4095  4095  
   1    67    29  
1677146127 Thu Feb 23 15:25:27 2023
4095  4095  4095  4095  4095  
   1    70    29  
1677146127 Thu Feb 23 15:25:27 2023
4095  4095  4095  4095  4095  
   1    64    29  
1677146128 Thu Feb 23 15:25:28 2023
4095  4095  4095  4095  4095  
   1    57    29  
1677146128 Thu Feb 23 15:25:28 2023
4095  4095  4095  4095  4095  
   1    61    29  
1677146130 Thu Feb 23 15:25:29 2023
4095  4095  4095  4095  4095  
   1    67    29  
1677146130 Thu Feb 23 15:25:30 2023
4095  4095  4095  4095  4095  
   1    57    29  
1677146131 Thu Feb 23 15:25:30 2023
4095  4095  4095  4095  4095  
   1    65    29  
1677146131 Thu Feb 23 15:25:31 2023
4095  4095  4095  4095  4095  
   1    57    29  
1677146132 Thu Feb 23 15:25:32 2023
4095  4095  4095  4095  4095  
   1    54    29  
1677146132 Thu Feb 23 15:25:32 2023
4095  4095  4095  4095  4095  
   1    70    29  
1677146132 Thu Feb 23 15:25:32 2023
4095  4095  4095  4095  4095  
   1    60    29  
1677146134 Thu Feb 23 15:25:33 2023
4095   469  4095  4095  4095  
   1   108    29  
1677146134 Thu Feb 23 15:25:34 2023
4095  4095  4095  4095  4095  
   1    68    29  
1677146135 Thu Feb 23 15:25:34 2023
4095   514  4095  4095  4095  
   1    79    29  
1677146137 Thu Feb 23 15:25:37 2023
4095  4095  4095  4095  4095  
   1    67    29  
1677146137 Thu Feb 23 15:25:37 2023
4095  4095  4095  4095  4095  
   1    71    29  
1677146139 Thu Feb 23 15:25:38 2023
4095  4095  4095  4095  4095  
   1    65    29  
1677146139 Thu Feb 23 15:25:39 2023
4095  4095  4095  4095  4095  
   1    62    29  
1677146140 Thu Feb 23 15:25:40 2023
4095  4095  4095  4095  4095  
   1    44    29  
1677146140 Thu Feb 23 15:25:40 2023
4095  4095  4095  4095  4095  
   1    58    29  
1677146140 Thu Feb 23 15:25:40 2023
4095  4095  4095  4095  4095  
   1    65    29  
1677146141 Thu Feb 23 15:25:41 2023
4095  4095  4095  4095  4095  
   1    60    29  
1677146141 Thu Feb 23 15:25:41 2023
4095  4095  4095  4095  4095  
   1    58    29  
1677146142 Thu Feb 23 15:25:42 2023
4095  4095  4095  4095  4095  
   1    55    29  
1677146144 Thu Feb 23 15:25:43 2023
4095   486  4095  4095  4095  
   1    92    29  
1677146144 Thu Feb 23 15:25:44 2023
4095   489  4095  4095  4095  
   1   132    29  
1677146145 Thu Feb 23 15:25:45 2023
4095  4095  4095  4095  4095  
   1    60    29  
1677146146 Thu Feb 23 15:25:45 2023
4095  4095  4095  4095  4095  
   1    61    29  
1677146146 Thu Feb 23 15:25:46 2023
4095  4095  4095  4095  4095  
   1    68    29  
1677146147 Thu Feb 23 15:25:47 2023
4095  4095  4095  4095  4095  
   1    74    29  
1677146147 Thu Feb 23 15:25:47 2023
4095  4095  4095  4095  4095  
   1    58    29  
1677146148 Thu Feb 23 15:25:47 2023
4095  4095  4095  4095  4095  
   1    61    29  
1677146148 Thu Feb 23 15:25:48 2023
4095  4095  4095  4095  4095  
   1    91    29  
