1677149163 Thu Feb 23 16:16:02 2023
4095   464  4095  4095  4095  
   1   103    29  
1677149163 Thu Feb 23 16:16:03 2023
4095   452  4095  4095  4095  
   1   147    29  
1677149164 Thu Feb 23 16:16:04 2023
4095   469  4095  4095  4095  
   1    87    29  
1677149165 Thu Feb 23 16:16:05 2023
4095   460  4095  4095  4095  
   1   107    29  
1677149165 Thu Feb 23 16:16:05 2023
4095   481  4095  4095  4095  
   1   123    29  
1677149166 Thu Feb 23 16:16:05 2023
4095   485  4095  4095  4095  
   1    86    29  
1677149167 Thu Feb 23 16:16:07 2023
4095   457  4095  4095  4095  
   1   141    29  
1677149167 Thu Feb 23 16:16:07 2023
4095   473  4095  4095  4095  
   1    83    29  
1677149168 Thu Feb 23 16:16:08 2023
4095   475  4095  4095  4095  
   1    89    29  
1677149169 Thu Feb 23 16:16:08 2023
4095   487  4095  4095  4095  
   1    97    29  
1677149169 Thu Feb 23 16:16:09 2023
4095   479  4095  4095  4095  
   1   107    29  
1677149169 Thu Feb 23 16:16:09 2023
4095   454  4095  4095  4095  
   1   116    29  
1677149169 Thu Feb 23 16:16:09 2023
4095   486  4095  4095  4095  
   1    97    29  
1677149171 Thu Feb 23 16:16:10 2023
4095   454  4095  4095  4095  
   1   137    29  
1677149171 Thu Feb 23 16:16:11 2023
4095   460  4095  4095  4095  
   1   134    29  
1677149171 Thu Feb 23 16:16:11 2023
4095   502  4095  4095  4095  
   1    87    29  
1677149172 Thu Feb 23 16:16:12 2023
4095   498  4095  4095  4095  
   1    94    29  
1677149173 Thu Feb 23 16:16:13 2023
4095  4095  4095  4095  4095  
   1    70    29  
1677149175 Thu Feb 23 16:16:14 2023
4095   463  4095  4095  4095  
   1   103    29  
1677149175 Thu Feb 23 16:16:15 2023
4095   456  4095  4095  4095  
   1   116    29  
1677149176 Thu Feb 23 16:16:15 2023
4095   453  4095  4095  4095  
   1   114    29  
1677149177 Thu Feb 23 16:16:16 2023
4095  4095  4095  4095  4095  
   1    69    29  
1677149178 Thu Feb 23 16:16:17 2023
4095   478  4095  4095  4095  
   1    92    29  
1677149179 Thu Feb 23 16:16:18 2023
4095   480  4095  4095  4095  
   1   123    29  
1677149180 Thu Feb 23 16:16:19 2023
4095   473  4095  4095  4095  
   1    87    29  
1677149180 Thu Feb 23 16:16:20 2023
4095  4095  4095  4095  4095  
   1    82    29  
1677149181 Thu Feb 23 16:16:20 2023
4095   490  4095  4095  4095  
   1    87    29  
1677149181 Thu Feb 23 16:16:21 2023
4095   436  4095  4095  4095  
   1   100    29  
1677149182 Thu Feb 23 16:16:21 2023
4095   456  4095  4095  4095  
   1    91    29  
1677149182 Thu Feb 23 16:16:22 2023
4095  4095  4095  4095  4095  
   1    69    29  
1677149182 Thu Feb 23 16:16:22 2023
4095   460  4095  4095  4095  
   1    92    29  
1677149183 Thu Feb 23 16:16:22 2023
4095   469  4095  4095  4095  
   1   119    29  
1677149183 Thu Feb 23 16:16:23 2023
4095  4095  4095  4095  4095  
   1    82    29  
1677149183 Thu Feb 23 16:16:23 2023
4095  4095  4095  4095  4095  
   1    83    29  
1677149184 Thu Feb 23 16:16:23 2023
4095   468  4095  4095  4095  
   1    94    29  
1677149184 Thu Feb 23 16:16:24 2023
4095   488  4095  4095  4095  
   1    82    29  
1677149184 Thu Feb 23 16:16:24 2023
4095   457  4095  4095  4095  
   1    97    29  
1677149185 Thu Feb 23 16:16:25 2023
4095   513  4095  4095  4095  
   1    78    29  
1677149186 Thu Feb 23 16:16:25 2023
4095   462  4095  4095  4095  
   1   115    29  
1677149186 Thu Feb 23 16:16:26 2023
4095   465  4095  4095  4095  
   1   131    29  
1677149186 Thu Feb 23 16:16:26 2023
4095  4095  4095  4095  4095  
   1    74    29  
1677149187 Thu Feb 23 16:16:26 2023
4095   456  4095  4095  4095  
   1   141    29  
1677149187 Thu Feb 23 16:16:27 2023
4095   443  4095  4095  4095  
   1   106    29  
1677149187 Thu Feb 23 16:16:27 2023
4095   464  4095  4095  4095  
   1    84    29  
1677149188 Thu Feb 23 16:16:27 2023
4095   455  4095  4095  4095  
   1   111    29  
1677149188 Thu Feb 23 16:16:28 2023
4095   452  4095  4095  4095  
   1   103    29  
1677149188 Thu Feb 23 16:16:28 2023
4095   470  4095  4095  4095  
   1   108    29  
1677149189 Thu Feb 23 16:16:28 2023
4095   463  4095  4095  4095  
   1   108    29  
1677149189 Thu Feb 23 16:16:29 2023
4095   475  4095  4095  4095  
   1    93    29  
1677149190 Thu Feb 23 16:16:30 2023
4095  4095  4095  4095  4095  
   1    79    29  
1677149190 Thu Feb 23 16:16:30 2023
4095   446  4095  4095  4095  
   1   150    29  
1677149191 Thu Feb 23 16:16:31 2023
4095   476  4095  4095  4095  
   1    92    29  
1677149192 Thu Feb 23 16:16:31 2023
4095   475  4095  4095  4095  
   1   118    29  
1677149193 Thu Feb 23 16:16:32 2023
4095   458  4095  4095  4095  
   1   123    29  
1677149194 Thu Feb 23 16:16:34 2023
4095   472  4095  4095  4095  
   1   122    29  
1677149196 Thu Feb 23 16:16:35 2023
4095   456  4095  4095  4095  
   1   108    29  
1677149196 Thu Feb 23 16:16:36 2023
4095   473  4095  4095  4095  
   1    94    29  
1677149196 Thu Feb 23 16:16:36 2023
4095   457  4095  4095  4095  
   1   116    29  
1677149197 Thu Feb 23 16:16:37 2023
4095   460  4095  4095  4095  
   1   100    29  
1677149198 Thu Feb 23 16:16:38 2023
4095  4095  4095  4095  4095  
   1    72    29  
1677149198 Thu Feb 23 16:16:38 2023
4095   482  4095  4095  4095  
   1   100    29  
1677149198 Thu Feb 23 16:16:38 2023
4095   478  4095  4095  4095  
   1    95    29  
1677149199 Thu Feb 23 16:16:39 2023
4095  4095  4095  4095  4095  
   1    67    29  
1677149200 Thu Feb 23 16:16:39 2023
4095   472  4095  4095  4095  
   1   113    29  
1677149200 Thu Feb 23 16:16:40 2023
4095  4095  4095  4095  4095  
   1    69    29  
1677149201 Thu Feb 23 16:16:40 2023
4095  4095  4095  4095  4095  
   1    85    29  
1677149202 Thu Feb 23 16:16:42 2023
4095   460  4095  4095  4095  
   1   155    29  
1677149203 Thu Feb 23 16:16:42 2023
4095   467  4095  4095  4095  
   1    91    29  
1677149203 Thu Feb 23 16:16:43 2023
4095   473  4095  4095  4095  
   1    94    29  
1677149204 Thu Feb 23 16:16:43 2023
4095   466  4095  4095  4095  
   1    97    29  
1677149204 Thu Feb 23 16:16:44 2023
4095   462  4095  4095  4095  
   1    89    29  
1677149205 Thu Feb 23 16:16:44 2023
4095   483  4095  4095  4095  
   1   110    29  
1677149205 Thu Feb 23 16:16:45 2023
4095   470  4095  4095  4095  
   1   100    29  
1677149205 Thu Feb 23 16:16:45 2023
4095   470  4095  4095  4095  
   1   118    29  
1677149205 Thu Feb 23 16:16:45 2023
4095   461  4095  4095  4095  
   1    90    29  
1677149206 Thu Feb 23 16:16:46 2023
4095   481  4095  4095  4095  
   1    79    29  
1677149206 Thu Feb 23 16:16:46 2023
4095   433  4095  4095  4095  
   1   288    29  
1677149208 Thu Feb 23 16:16:47 2023
4095   455  4095  4095  4095  
   1   133    29  
1677149208 Thu Feb 23 16:16:48 2023
4095  4095  4095  4095  4095  
   1    81    29  
1677149208 Thu Feb 23 16:16:48 2023
4095   508  4095  4095  4095  
   1    91    29  
1677149209 Thu Feb 23 16:16:49 2023
4095   478  4095  4095  4095  
   1    99    29  
1677149209 Thu Feb 23 16:16:49 2023
4095  4095  4095  4095  4095  
   1    43    29  
1677149210 Thu Feb 23 16:16:49 2023
4095   467  4095  4095  4095  
   1   112    29  
1677149210 Thu Feb 23 16:16:50 2023
4095   469  4095  4095  4095  
   1    99    29  
1677149211 Thu Feb 23 16:16:51 2023
4095  4095  4095  4095  4095  
   1    78    29  
1677149211 Thu Feb 23 16:16:51 2023
4095   444  4095  4095  4095  
   1   164    29  
1677149212 Thu Feb 23 16:16:51 2023
4095   480  4095  4095  4095  
   1    97    29  
1677149212 Thu Feb 23 16:16:52 2023
4095   488  4095  4095  4095  
   1    94    29  
1677149213 Thu Feb 23 16:16:52 2023
4095   474  4095  4095  4095  
   1    93    29  
1677149213 Thu Feb 23 16:16:53 2023
4095   484  4095  4095  4095  
   1   105    29  
1677149214 Thu Feb 23 16:16:54 2023
4095   482  4095  4095  4095  
   1    91    29  
1677149214 Thu Feb 23 16:16:54 2023
4095  4095  4095  4095  4095  
   1    78    29  
1677149214 Thu Feb 23 16:16:54 2023
4095   444  4095  4095  4095  
   1   119    29  
1677149215 Thu Feb 23 16:16:54 2023
4095   436  4095  4095  4095  
   1   120    29  
1677149215 Thu Feb 23 16:16:55 2023
4095   462  4095  4095  4095  
   1   102    29  
1677149216 Thu Feb 23 16:16:55 2023
4095   453  4095  4095  4095  
   1   110    29  
1677149216 Thu Feb 23 16:16:56 2023
4095  4095  4095  4095  4095  
   1    83    29  
1677149217 Thu Feb 23 16:16:56 2023
4095   503  4095  4095  4095  
   1    76    29  
1677149217 Thu Feb 23 16:16:57 2023
4095  4095  4095  4095  4095  
   1    79    29  
1677149218 Thu Feb 23 16:16:57 2023
4095  4095  4095  4095  4095  
   1    75    29  
1677149218 Thu Feb 23 16:16:58 2023
4095   478  4095  4095  4095  
   1   102    29  
1677149219 Thu Feb 23 16:16:59 2023
4095   465  4095  4095  4095  
   1    92    29  
1677149220 Thu Feb 23 16:17:00 2023
4095   487  4095  4095  4095  
   1    84    29  
1677149221 Thu Feb 23 16:17:01 2023
4095   451  4095  4095  4095  
   1    95    29  
1677149222 Thu Feb 23 16:17:01 2023
4095   492  4095  4095  4095  
   1    94    29  
1677149222 Thu Feb 23 16:17:02 2023
4095   465  4095  4095  4095  
   1   126    29  
1677149223 Thu Feb 23 16:17:03 2023
4095   465  4095  4095  4095  
   1   124    29  
1677149224 Thu Feb 23 16:17:04 2023
4095   456  4095  4095  4095  
   1    93    29  
1677149224 Thu Feb 23 16:17:04 2023
4095   501  4095  4095  4095  
   1    82    29  
1677149225 Thu Feb 23 16:17:04 2023
4095  4095  4095  4095  4095  
   1    78    29  
1677149225 Thu Feb 23 16:17:05 2023
4095   519  4095  4095  4095  
   1    89    29  
1677149225 Thu Feb 23 16:17:05 2023
4095   490  4095  4095  4095  
   1    79    29  
1677149226 Thu Feb 23 16:17:05 2023
4095   465  4095  4095  4095  
   1    96    29  
1677149226 Thu Feb 23 16:17:06 2023
4095  4095  4095  4095  4095  
   1    72    29  
1677149227 Thu Feb 23 16:17:07 2023
4095   453  4095  4095  4095  
   1   130    29  
1677149228 Thu Feb 23 16:17:08 2023
4095   469  4095  4095  4095  
   1   115    29  
1677149228 Thu Feb 23 16:17:08 2023
4095  4095  4095  4095  4095  
   1    85    29  
1677149229 Thu Feb 23 16:17:09 2023
4095   483  4095  4095  4095  
   1    92    29  
1677149229 Thu Feb 23 16:17:09 2023
4095  4095  4095  4095  4095  
   1    80    29  
1677149230 Thu Feb 23 16:17:09 2023
4095  4095  4095  4095  4095  
   1    78    29  
1677149230 Thu Feb 23 16:17:10 2023
4095   472  4095  4095  4095  
   1    79    29  
1677149231 Thu Feb 23 16:17:11 2023
4095   477  4095  4095  4095  
   1    93    29  
1677149232 Thu Feb 23 16:17:11 2023
4095   458  4095  4095  4095  
   1   107    29  
1677149233 Thu Feb 23 16:17:13 2023
4095   466  4095  4095  4095  
   1   110    29  
1677149233 Thu Feb 23 16:17:13 2023
4095   484  4095  4095  4095  
   1    85    29  
1677149233 Thu Feb 23 16:17:13 2023
4095   474  4095  4095  4095  
   1   105    29  
1677149234 Thu Feb 23 16:17:14 2023
4095   490  4095  4095  4095  
   1    82    29  
1677149234 Thu Feb 23 16:17:14 2023
4095   480  4095  4095  4095  
   1    89    29  
1677149235 Thu Feb 23 16:17:15 2023
4095   480  4095  4095  4095  
   1   105    29  
1677149236 Thu Feb 23 16:17:15 2023
4095   474  4095  4095  4095  
   1   115    29  
1677149236 Thu Feb 23 16:17:16 2023
4095   477  4095  4095  4095  
   1    86    29  
1677149237 Thu Feb 23 16:17:16 2023
4095   486  4095  4095  4095  
   1   113    29  
1677149237 Thu Feb 23 16:17:17 2023
4095   530  4095  4095  4095  
   1   103    29  
1677149238 Thu Feb 23 16:17:18 2023
4095  4095  4095  4095  4095  
   1    80    29  
1677149239 Thu Feb 23 16:17:18 2023
4095   439  4095  4095  4095  
   1   132    29  
1677149240 Thu Feb 23 16:17:19 2023
4095   447  4095  4095  4095  
   1    98    29  
1677149240 Thu Feb 23 16:17:20 2023
4095  4095  4095  4095  4095  
   1    85    29  
1677149240 Thu Feb 23 16:17:20 2023
4095  4095  4095  4095  4095  
   1    82    29  
1677149241 Thu Feb 23 16:17:21 2023
4095  4095  4095  4095  4095  
   1    80    29  
1677149241 Thu Feb 23 16:17:21 2023
4095  4095  4095  4095  4095  
   1    66    29  
1677149241 Thu Feb 23 16:17:21 2023
4095   453  4095  4095  4095  
   1   158    29  
1677149242 Thu Feb 23 16:17:21 2023
4095  4095  4095  4095  4095  
   1    62    29  
1677149242 Thu Feb 23 16:17:22 2023
4095   482  4095  4095  4095  
   1    89    29  
1677149242 Thu Feb 23 16:17:22 2023
4095   463  4095  4095  4095  
   1   106    29  
1677149243 Thu Feb 23 16:17:22 2023
4095  4095  4095  4095  4095  
   1    78    29  
1677149243 Thu Feb 23 16:17:23 2023
4095   482  4095  4095  4095  
   1    76    29  
1677149244 Thu Feb 23 16:17:24 2023
4095   447  4095  4095  4095  
   1   111    29  
1677149244 Thu Feb 23 16:17:24 2023
4095   472  4095  4095  4095  
   1   105    29  
1677149245 Thu Feb 23 16:17:24 2023
4095   478  4095  4095  4095  
   1    84    29  
1677149245 Thu Feb 23 16:17:25 2023
4095   479  4095  4095  4095  
   1   107    29  
1677149246 Thu Feb 23 16:17:25 2023
4095   458  4095  4095  4095  
   1    95    29  
1677149246 Thu Feb 23 16:17:26 2023
4095   448  4095  4095  4095  
   1   105    29  
1677149246 Thu Feb 23 16:17:26 2023
4095   437  4095  4095  4095  
   1   118    29  
1677149246 Thu Feb 23 16:17:26 2023
4095   489  4095  4095  4095  
   1    95    29  
1677149247 Thu Feb 23 16:17:27 2023
4095   476  4095  4095  4095  
   1   102    29  
1677149248 Thu Feb 23 16:17:27 2023
4095  4095  4095  4095  4095  
   1    71    29  
1677149248 Thu Feb 23 16:17:28 2023
4095   492  4095  4095  4095  
   1    87    29  
1677149248 Thu Feb 23 16:17:28 2023
4095   471  4095  4095  4095  
   1   106    29  
1677149250 Thu Feb 23 16:17:30 2023
4095  4095  4095  4095  4095  
   1    78    29  
1677149250 Thu Feb 23 16:17:30 2023
4095   479  4095  4095  4095  
   1   100    29  
1677149251 Thu Feb 23 16:17:31 2023
4095   449  4095  4095  4095  
   1   128    29  
1677149251 Thu Feb 23 16:17:31 2023
4095   460  4095  4095  4095  
   1    96    29  
1677149251 Thu Feb 23 16:17:31 2023
4095   454  4095  4095  4095  
   1    99    29  
1677149251 Thu Feb 23 16:17:31 2023
4095   475  4095  4095  4095  
   1    80    29  
1677149252 Thu Feb 23 16:17:31 2023
4095  4095  4095  4095  4095  
   1    98    29  
1677149252 Thu Feb 23 16:17:32 2023
4095   470  4095  4095  4095  
   1   103    29  
1677149252 Thu Feb 23 16:17:32 2023
4095   539  4095  4095  4095  
   1    72    29  
1677149253 Thu Feb 23 16:17:33 2023
4095   499  4095  4095  4095  
   1    86    29  
1677149254 Thu Feb 23 16:17:34 2023
4095   454  4095  4095  4095  
   1   100    29  
1677149255 Thu Feb 23 16:17:35 2023
4095   469  4095  4095  4095  
   1    86    29  
1677149256 Thu Feb 23 16:17:35 2023
4095  4095  4095  4095  4095  
   1    62    29  
1677149256 Thu Feb 23 16:17:36 2023
4095   471  4095  4095  4095  
   1   100    29  
1677149256 Thu Feb 23 16:17:36 2023
4095   459  4095  4095  4095  
   1   102    29  
1677149257 Thu Feb 23 16:17:37 2023
4095  4095  4095  4095  4095  
   1    75    29  
1677149257 Thu Feb 23 16:17:37 2023
4095   472  4095  4095  4095  
   1    89    29  
1677149258 Thu Feb 23 16:17:38 2023
4095  4095  4095  4095  4095  
   1    80    29  
1677149258 Thu Feb 23 16:17:38 2023
4095   491  4095  4095  4095  
   1    83    29  
1677149258 Thu Feb 23 16:17:38 2023
4095  4095  4095  4095  4095  
   1    74    29  
1677149259 Thu Feb 23 16:17:39 2023
4095   472  4095  4095  4095  
   1    92    29  
1677149260 Thu Feb 23 16:17:39 2023
4095   485  4095  4095  4095  
   1    85    29  
1677149260 Thu Feb 23 16:17:40 2023
4095   453  4095  4095  4095  
   1   140    29  
1677149260 Thu Feb 23 16:17:40 2023
4095  4095  4095  4095  4095  
   1    76    29  
1677149261 Thu Feb 23 16:17:40 2023
4095   480  4095  4095  4095  
   1    90    29  
1677149261 Thu Feb 23 16:17:41 2023
4095   445  4095  4095  4095  
   1   120    29  
1677149262 Thu Feb 23 16:17:41 2023
4095   459  4095  4095  4095  
   1   107    29  
1677149263 Thu Feb 23 16:17:43 2023
4095   436  4095  4095  4095  
   1   180    29  
1677149263 Thu Feb 23 16:17:43 2023
4095   441  4095  4095  4095  
   1   130    29  
1677149264 Thu Feb 23 16:17:43 2023
4095   460  4095  4095  4095  
   1   121    29  
1677149264 Thu Feb 23 16:17:44 2023
4095  4095  4095  4095  4095  
   1    78    29  
1677149265 Thu Feb 23 16:17:44 2023
4095   457  4095  4095  4095  
   1    87    29  
1677149265 Thu Feb 23 16:17:45 2023
4095  4095  4095  4095  4095  
   1    82    29  
1677149267 Thu Feb 23 16:17:46 2023
4095   496  4095  4095  4095  
   1    91    29  
1677149267 Thu Feb 23 16:17:47 2023
4095   477  4095  4095  4095  
   1    98    29  
1677149268 Thu Feb 23 16:17:48 2023
4095   470  4095  4095  4095  
   1    90    29  
1677149268 Thu Feb 23 16:17:48 2023
4095  4095  4095  4095  4095  
   1    84    29  
1677149269 Thu Feb 23 16:17:49 2023
4095   465  4095  4095  4095  
   1   110    29  
1677149270 Thu Feb 23 16:17:50 2023
4095  4095  4095  4095  4095  
   1    92    29  
1677149271 Thu Feb 23 16:17:51 2023
4095   476  4095  4095  4095  
   1    89    29  
1677149271 Thu Feb 23 16:17:51 2023
4095   470  4095  4095  4095  
   1    96    29  
1677149271 Thu Feb 23 16:17:51 2023
4095   443  4095  4095  4095  
   1    96    29  
1677149273 Thu Feb 23 16:17:52 2023
4095  4095  4095  4095  4095  
   1    77    29  
1677149273 Thu Feb 23 16:17:53 2023
4095   501  4095  4095  4095  
   1    77    29  
1677149274 Thu Feb 23 16:17:53 2023
4095  4095  4095  4095  4095  
   1    66    29  
1677149274 Thu Feb 23 16:17:54 2023
4095   478  4095  4095  4095  
   1   104    29  
1677149274 Thu Feb 23 16:17:54 2023
4095  4095  4095  4095  4095  
   1    70    29  
1677149274 Thu Feb 23 16:17:54 2023
4095   478  4095  4095  4095  
   1   105    29  
1677149275 Thu Feb 23 16:17:55 2023
4095   465  4095  4095  4095  
   1    91    29  
1677149276 Thu Feb 23 16:17:55 2023
4095   463  4095  4095  4095  
   1    99    29  
1677149277 Thu Feb 23 16:17:57 2023
4095   494  4095  4095  4095  
   1   103    29  
1677149277 Thu Feb 23 16:17:57 2023
4095  4095  4095  4095  4095  
   1    93    29  
1677149277 Thu Feb 23 16:17:57 2023
4095   479  4095  4095  4095  
   1    86    29  
1677149278 Thu Feb 23 16:17:58 2023
4095   467  4095  4095  4095  
   1   100    29  
1677149278 Thu Feb 23 16:17:58 2023
4095   486  4095  4095  4095  
   1    95    29  
1677149279 Thu Feb 23 16:17:59 2023
4095  4095  4095  4095  4095  
   1    71    29  
1677149279 Thu Feb 23 16:17:59 2023
4095   479  4095  4095  4095  
   1   101    29  
1677149280 Thu Feb 23 16:18:00 2023
4095   460  4095  4095  4095  
   1    84    29  
1677149280 Thu Feb 23 16:18:00 2023
4095   478  4095  4095  4095  
   1   102    29  
1677149280 Thu Feb 23 16:18:00 2023
4095   470  4095  4095  4095  
   1   116    29  
1677149280 Thu Feb 23 16:18:00 2023
4095  4095  4095  4095  4095  
   1    79    29  
1677149281 Thu Feb 23 16:18:01 2023
4095   465  4095  4095  4095  
   1   128    29  
1677149281 Thu Feb 23 16:18:01 2023
4095   441  4095  4095  4095  
   1   152    29  
1677149281 Thu Feb 23 16:18:01 2023
4095   478  4095  4095  4095  
   1    97    29  
1677149282 Thu Feb 23 16:18:01 2023
4095   446  4095  4095  4095  
   1    95    29  
1677149282 Thu Feb 23 16:18:02 2023
4095  4095  4095  4095  4095  
   1    75    29  
1677149282 Thu Feb 23 16:18:02 2023
4095   480  4095  4095  4095  
   1    85    29  
1677149283 Thu Feb 23 16:18:03 2023
4095   480  4095  4095  4095  
   1   113    29  
1677149283 Thu Feb 23 16:18:03 2023
4095  4095  4095  4095  4095  
   1    72    29  
1677149284 Thu Feb 23 16:18:03 2023
4095   479  4095  4095  4095  
   1    99    29  
1677149285 Thu Feb 23 16:18:05 2023
4095   476  4095  4095  4095  
   1   116    29  
1677149285 Thu Feb 23 16:18:05 2023
4095   488  4095  4095  4095  
   1    91    29  
1677149286 Thu Feb 23 16:18:05 2023
4095   458  4095  4095  4095  
   1   122    29  
1677149286 Thu Feb 23 16:18:06 2023
4095   475  4095  4095  4095  
   1    87    29  
1677149286 Thu Feb 23 16:18:06 2023
4095   475  4095  4095  4095  
   1   110    29  
1677149287 Thu Feb 23 16:18:06 2023
4095   474  4095  4095  4095  
   1    97    29  
1677149287 Thu Feb 23 16:18:07 2023
4095   454  4095  4095  4095  
   1   154    29  
1677149287 Thu Feb 23 16:18:07 2023
4095  4095  4095  4095  4095  
   1    83    29  
1677149288 Thu Feb 23 16:18:07 2023
4095   478  4095  4095  4095  
   1   120    29  
1677149288 Thu Feb 23 16:18:08 2023
4095   450  4095  4095  4095  
   1   117    29  
1677149288 Thu Feb 23 16:18:08 2023
4095   477  4095  4095  4095  
   1    89    29  
1677149288 Thu Feb 23 16:18:08 2023
4095   463  4095  4095  4095  
   1   113    29  
1677149291 Thu Feb 23 16:18:10 2023
4095  4095  4095  4095  4095  
   1    88    29  
1677149291 Thu Feb 23 16:18:11 2023
4095   456  4095  4095  4095  
   1   122    29  
1677149291 Thu Feb 23 16:18:11 2023
4095   476  4095  4095  4095  
   1    88    29  
1677149292 Thu Feb 23 16:18:12 2023
4095   475  4095  4095  4095  
   1    88    29  
1677149293 Thu Feb 23 16:18:12 2023
4095  4095  4095  4095  4095  
   1    81    29  
1677149293 Thu Feb 23 16:18:13 2023
4095  4095  4095  4095  4095  
   1    75    29  
1677149293 Thu Feb 23 16:18:13 2023
4095   454  4095  4095  4095  
   1   110    29  
1677149294 Thu Feb 23 16:18:14 2023
4095  4095  4095  4095  4095  
   1    79    29  
1677149294 Thu Feb 23 16:18:14 2023
4095   516  4095  4095  4095  
   1    92    29  
1677149295 Thu Feb 23 16:18:14 2023
4095   487  4095  4095  4095  
   1    81    29  
1677149296 Thu Feb 23 16:18:16 2023
4095  4095  4095  4095  4095  
   1    71    29  
1677149296 Thu Feb 23 16:18:16 2023
4095   473  4095  4095  4095  
   1   113    29  
1677149297 Thu Feb 23 16:18:17 2023
4095   438  4095  4095  4095  
   1   182    29  
1677149298 Thu Feb 23 16:18:18 2023
4095   480  4095  4095  4095  
   1   104    29  
1677149298 Thu Feb 23 16:18:18 2023
4095   447  4095  4095  4095  
   1   105    29  
1677149299 Thu Feb 23 16:18:18 2023
4095   444  4095  4095  4095  
   1    90    29  
1677149299 Thu Feb 23 16:18:19 2023
4095   512  4095  4095  4095  
   1    82    29  
1677149299 Thu Feb 23 16:18:19 2023
4095   437  4095  4095  4095  
   1   174    29  
1677149300 Thu Feb 23 16:18:20 2023
4095   485  4095  4095  4095  
   1    93    29  
1677149300 Thu Feb 23 16:18:20 2023
4095   481  4095  4095  4095  
   1    88    29  
1677149300 Thu Feb 23 16:18:20 2023
4095   461  4095  4095  4095  
   1    93    29  
1677149300 Thu Feb 23 16:18:20 2023
4095  4095  4095  4095  4095  
   1    81    29  
1677149302 Thu Feb 23 16:18:22 2023
4095   461  4095  4095  4095  
   1    89    29  
1677149302 Thu Feb 23 16:18:22 2023
4095   453  4095  4095  4095  
   1   130    29  
1677149303 Thu Feb 23 16:18:23 2023
4095  4095  4095  4095  4095  
   1    77    29  
1677149304 Thu Feb 23 16:18:23 2023
4095  4095  4095  4095  4095  
   1    76    29  
1677149304 Thu Feb 23 16:18:24 2023
4095   491  4095  4095  4095  
   1    90    29  
1677149305 Thu Feb 23 16:18:25 2023
4095  4095  4095  4095  4095  
   1    71    29  
1677149306 Thu Feb 23 16:18:25 2023
4095   502  4095  4095  4095  
   1    77    29  
1677149306 Thu Feb 23 16:18:26 2023
4095   484  4095  4095  4095  
   1    94    29  
1677149306 Thu Feb 23 16:18:26 2023
4095   471  4095  4095  4095  
   1    98    29  
1677149306 Thu Feb 23 16:18:26 2023
4095   477  4095  4095  4095  
   1   102    29  
1677149307 Thu Feb 23 16:18:27 2023
4095   470  4095  4095  4095  
   1   118    29  
1677149307 Thu Feb 23 16:18:27 2023
4095   480  4095  4095  4095  
   1   109    29  
1677149308 Thu Feb 23 16:18:28 2023
4095   453  4095  4095  4095  
   1    88    29  
1677149309 Thu Feb 23 16:18:29 2023
4095   442  4095  4095  4095  
   1   135    29  
1677149309 Thu Feb 23 16:18:29 2023
4095   477  4095  4095  4095  
   1   122    29  
1677149310 Thu Feb 23 16:18:30 2023
4095   464  4095  4095  4095  
   1   184    29  
1677149310 Thu Feb 23 16:18:30 2023
4095   482  4095  4095  4095  
   1    80    29  
1677149311 Thu Feb 23 16:18:30 2023
4095  4095  4095  4095  4095  
   1    79    29  
1677149311 Thu Feb 23 16:18:31 2023
4095   493  4095  4095  4095  
   1    90    29  
1677149311 Thu Feb 23 16:18:31 2023
4095  4095  4095  4095  4095  
   1    69    29  
1677149313 Thu Feb 23 16:18:32 2023
4095   483  4095  4095  4095  
   1    95    29  
1677149314 Thu Feb 23 16:18:33 2023
4095  4095  4095  4095  4095  
   1    80    29  
1677149314 Thu Feb 23 16:18:34 2023
4095   483  4095  4095  4095  
   1    86    29  
1677149314 Thu Feb 23 16:18:34 2023
4095  4095  4095  4095  4095  
   1    76    29  
1677149314 Thu Feb 23 16:18:34 2023
4095   459  4095  4095  4095  
   1   120    29  
1677149315 Thu Feb 23 16:18:35 2023
4095   461  4095  4095  4095  
   1    94    29  
1677149315 Thu Feb 23 16:18:35 2023
4095   484  4095  4095  4095  
   1   103    29  
1677149317 Thu Feb 23 16:18:36 2023
4095   447  4095  4095  4095  
   1   110    29  
1677149318 Thu Feb 23 16:18:38 2023
4095   459  4095  4095  4095  
   1   152    29  
1677149319 Thu Feb 23 16:18:39 2023
4095   476  4095  4095  4095  
   1   113    29  
1677149320 Thu Feb 23 16:18:39 2023
4095   463  4095  4095  4095  
   1   108    29  
1677149320 Thu Feb 23 16:18:40 2023
4095   484  4095  4095  4095  
   1   107    29  
1677149321 Thu Feb 23 16:18:40 2023
4095   501  4095  4095  4095  
   1    99    29  
1677149321 Thu Feb 23 16:18:41 2023
4095   464  4095  4095  4095  
   1   128    29  
1677149323 Thu Feb 23 16:18:42 2023
4095  4095  4095  4095  4095  
   1    79    29  
1677149323 Thu Feb 23 16:18:43 2023
4095  4095  4095  4095  4095  
   1    72    29  
1677149323 Thu Feb 23 16:18:43 2023
4095   461  4095  4095  4095  
   1    81    29  
1677149324 Thu Feb 23 16:18:44 2023
4095   456  4095  4095  4095  
   1    88    29  
1677149324 Thu Feb 23 16:18:44 2023
4095   473  4095  4095  4095  
   1   105    29  
1677149325 Thu Feb 23 16:18:44 2023
4095   458  4095  4095  4095  
   1   126    29  
1677149325 Thu Feb 23 16:18:45 2023
4095  4095  4095  4095  4095  
   1    67    29  
1677149325 Thu Feb 23 16:18:45 2023
4095  4095  4095  4095  4095  
   1    81    29  
1677149326 Thu Feb 23 16:18:46 2023
4095   461  4095  4095  4095  
   1   139    29  
1677149326 Thu Feb 23 16:18:46 2023
4095  4095  4095  4095  4095  
   1    76    29  
1677149327 Thu Feb 23 16:18:46 2023
4095   472  4095  4095  4095  
   1    89    29  
1677149327 Thu Feb 23 16:18:47 2023
4095   453  4095  4095  4095  
   1   101    29  
1677149328 Thu Feb 23 16:18:48 2023
4095   473  4095  4095  4095  
   1    84    29  
1677149329 Thu Feb 23 16:18:48 2023
4095   468  4095  4095  4095  
   1    95    29  
1677149329 Thu Feb 23 16:18:49 2023
4095   477  4095  4095  4095  
   1    84    29  
1677149330 Thu Feb 23 16:18:50 2023
4095  4095  4095  4095  4095  
   1    78    29  
1677149330 Thu Feb 23 16:18:50 2023
4095   492  4095  4095  4095  
   1    87    29  
1677149331 Thu Feb 23 16:18:50 2023
4095   475  4095  4095  4095  
   1    88    29  
1677149331 Thu Feb 23 16:18:51 2023
4095   498  4095  4095  4095  
   1    85    29  
1677149332 Thu Feb 23 16:18:52 2023
4095  4095  4095  4095  4095  
   1    81    29  
1677149333 Thu Feb 23 16:18:53 2023
4095   444  4095  4095  4095  
   1   173    29  
1677149333 Thu Feb 23 16:18:53 2023
4095  4095  4095  4095  4095  
   1    85    29  
1677149333 Thu Feb 23 16:18:53 2023
4095   467  4095  4095  4095  
   1   105    29  
1677149334 Thu Feb 23 16:18:54 2023
4095   463  4095  4095  4095  
   1    91    29  
1677149334 Thu Feb 23 16:18:54 2023
4095   453  4095  4095  4095  
   1   110    29  
1677149335 Thu Feb 23 16:18:54 2023
4095  4095  4095  4095  4095  
   1    85    29  
1677149335 Thu Feb 23 16:18:55 2023
4095   495  4095  4095  4095  
   1    97    29  
1677149335 Thu Feb 23 16:18:55 2023
4095   479  4095  4095  4095  
   1    99    29  
1677149337 Thu Feb 23 16:18:57 2023
4095  4095  4095  4095  4095  
   1    77    29  
1677149337 Thu Feb 23 16:18:57 2023
4095   462  4095  4095  4095  
   1   100    29  
1677149338 Thu Feb 23 16:18:58 2023
4095   463  4095  4095  4095  
   1   118    29  
1677149338 Thu Feb 23 16:18:58 2023
4095   443  4095  4095  4095  
   1    91    29  
1677149338 Thu Feb 23 16:18:58 2023
4095   437  4095  4095  4095  
   1   121    29  
1677149339 Thu Feb 23 16:18:58 2023
4095   471  4095  4095  4095  
   1   120    29  
1677149339 Thu Feb 23 16:18:59 2023
4095   523  4095  4095  4095  
   1    84    29  
1677149339 Thu Feb 23 16:18:59 2023
4095  4095  4095  4095  4095  
   1    66    29  
1677149339 Thu Feb 23 16:18:59 2023
4095   470  4095  4095  4095  
   1    89    29  
1677149340 Thu Feb 23 16:19:00 2023
4095   480  4095  4095  4095  
   1    87    29  
1677149341 Thu Feb 23 16:19:01 2023
4095   438  4095  4095  4095  
   1   165    29  
1677149341 Thu Feb 23 16:19:01 2023
4095   445  4095  4095  4095  
   1   163    29  
1677149342 Thu Feb 23 16:19:02 2023
4095   447  4095  4095  4095  
   1   129    29  
1677149342 Thu Feb 23 16:19:02 2023
4095   452  4095  4095  4095  
   1   110    29  
1677149343 Thu Feb 23 16:19:02 2023
4095  4095  4095  4095  4095  
   1    89    29  
1677149343 Thu Feb 23 16:19:03 2023
4095   461  4095  4095  4095  
   1    86    29  
1677149343 Thu Feb 23 16:19:03 2023
4095   461  4095  4095  4095  
   1   149    29  
1677149344 Thu Feb 23 16:19:04 2023
4095   461  4095  4095  4095  
   1    99    29  
1677149344 Thu Feb 23 16:19:04 2023
4095  4095  4095  4095  4095  
   1    79    29  
1677149345 Thu Feb 23 16:19:05 2023
4095   461  4095  4095  4095  
   1   161    29  
1677149345 Thu Feb 23 16:19:05 2023
4095   522  4095  4095  4095  
   1    82    29  
1677149346 Thu Feb 23 16:19:06 2023
4095   478  4095  4095  4095  
   1   119    29  
1677149347 Thu Feb 23 16:19:06 2023
4095   490  4095  4095  4095  
   1    83    29  
1677149347 Thu Feb 23 16:19:07 2023
4095   436  4095  4095  4095  
   1   139    29  
1677149347 Thu Feb 23 16:19:07 2023
4095   458  4095  4095  4095  
   1    90    29  
1677149347 Thu Feb 23 16:19:07 2023
4095   457  4095  4095  4095  
   1   109    29  
1677149348 Thu Feb 23 16:19:07 2023
4095   469  4095  4095  4095  
   1   155    29  
1677149348 Thu Feb 23 16:19:08 2023
4095   479  4095  4095  4095  
   1    88    29  
1677149348 Thu Feb 23 16:19:08 2023
4095   452  4095  4095  4095  
   1   106    29  
1677149349 Thu Feb 23 16:19:08 2023
4095   467  4095  4095  4095  
   1   115    29  
1677149350 Thu Feb 23 16:19:09 2023
4095   473  4095  4095  4095  
   1   107    29  
1677149350 Thu Feb 23 16:19:10 2023
4095   439  4095  4095  4095  
   1   109    29  
1677149351 Thu Feb 23 16:19:10 2023
4095   454  4095  4095  4095  
   1    96    29  
1677149351 Thu Feb 23 16:19:11 2023
4095   448  4095  4095  4095  
   1   101    29  
1677149351 Thu Feb 23 16:19:11 2023
4095   487  4095  4095  4095  
   1    85    29  
1677149351 Thu Feb 23 16:19:11 2023
4095  4095  4095  4095  4095  
   1    76    29  
1677149353 Thu Feb 23 16:19:12 2023
4095  4095  4095  4095  4095  
   1    85    29  
1677149353 Thu Feb 23 16:19:13 2023
4095   489  4095  4095  4095  
   1    79    29  
1677149354 Thu Feb 23 16:19:14 2023
4095   475  4095  4095  4095  
   1    93    29  
1677149354 Thu Feb 23 16:19:14 2023
4095  4095  4095  4095  4095  
   1    78    29  
1677149354 Thu Feb 23 16:19:14 2023
4095   497  4095  4095  4095  
   1    87    29  
1677149355 Thu Feb 23 16:19:14 2023
4095  4095  4095  4095  4095  
   1    84    29  
1677149355 Thu Feb 23 16:19:15 2023
4095   523  4095  4095  4095  
   1    78    29  
1677149357 Thu Feb 23 16:19:16 2023
4095   462  4095  4095  4095  
   1    97    29  
1677149357 Thu Feb 23 16:19:17 2023
4095   457  4095  4095  4095  
   1    95    29  
1677149358 Thu Feb 23 16:19:18 2023
4095  4095  4095  4095  4095  
   1    73    29  
1677149358 Thu Feb 23 16:19:18 2023
4095  4095  4095  4095  4095  
   1    81    29  
1677149359 Thu Feb 23 16:19:19 2023
4095   449  4095  4095  4095  
   1   203    29  
1677149360 Thu Feb 23 16:19:19 2023
4095   498  4095  4095  4095  
   1    98    29  
1677149361 Thu Feb 23 16:19:20 2023
4095   465  4095  4095  4095  
   1   135    29  
1677149362 Thu Feb 23 16:19:21 2023
4095  4095  4095  4095  4095  
   1    78    29  
1677149362 Thu Feb 23 16:19:22 2023
4095   481  4095  4095  4095  
   1   113    29  
1677149363 Thu Feb 23 16:19:22 2023
4095   440  4095  4095  4095  
   1   108    29  
1677149363 Thu Feb 23 16:19:23 2023
4095  4095  4095  4095  4095  
   1    83    29  
1677149365 Thu Feb 23 16:19:25 2023
4095   468  4095  4095  4095  
   1   112    29  
1677149365 Thu Feb 23 16:19:25 2023
4095   464  4095  4095  4095  
   1    98    29  
1677149365 Thu Feb 23 16:19:25 2023
4095   476  4095  4095  4095  
   1    85    29  
1677149366 Thu Feb 23 16:19:26 2023
4095   466  4095  4095  4095  
   1    90    29  
1677149366 Thu Feb 23 16:19:26 2023
4095   446  4095  4095  4095  
   1    95    29  
1677149367 Thu Feb 23 16:19:26 2023
4095   460  4095  4095  4095  
   1   123    29  
1677149368 Thu Feb 23 16:19:28 2023
4095   446  4095  4095  4095  
   1   121    29  
1677149369 Thu Feb 23 16:19:28 2023
4095   478  4095  4095  4095  
   1    97    29  
1677149369 Thu Feb 23 16:19:29 2023
4095   456  4095  4095  4095  
   1   121    29  
1677149370 Thu Feb 23 16:19:30 2023
4095   470  4095  4095  4095  
   1    88    29  
1677149370 Thu Feb 23 16:19:30 2023
4095   446  4095  4095  4095  
   1    95    29  
1677149370 Thu Feb 23 16:19:30 2023
4095   439  4095  4095  4095  
   1   125    29  
1677149370 Thu Feb 23 16:19:30 2023
4095   468  4095  4095  4095  
   1    85    29  
1677149371 Thu Feb 23 16:19:31 2023
4095   457  4095  4095  4095  
   1   151    29  
1677149371 Thu Feb 23 16:19:31 2023
4095   422  4095  4095  4095  
   1   129    29  
1677149372 Thu Feb 23 16:19:32 2023
4095   483  4095  4095  4095  
   1    98    29  
1677149373 Thu Feb 23 16:19:32 2023
4095   503  4095  4095  4095  
   1    84    29  
1677149373 Thu Feb 23 16:19:33 2023
4095   465  4095  4095  4095  
   1    99    29  
1677149374 Thu Feb 23 16:19:33 2023
4095   460  4095  4095  4095  
   1   135    29  
1677149374 Thu Feb 23 16:19:34 2023
4095   502  4095  4095  4095  
   1    85    29  
1677149374 Thu Feb 23 16:19:34 2023
4095   463  4095  4095  4095  
   1   107    29  
1677149375 Thu Feb 23 16:19:34 2023
4095   532  4095  4095  4095  
   1    83    29  
1677149375 Thu Feb 23 16:19:35 2023
4095   474  4095  4095  4095  
   1   115    29  
1677149376 Thu Feb 23 16:19:35 2023
4095   485  4095  4095  4095  
   1   103    29  
1677149376 Thu Feb 23 16:19:36 2023
4095   500  4095  4095  4095  
   1    82    29  
1677149376 Thu Feb 23 16:19:36 2023
4095   542  4095  4095  4095  
   1    89    29  
1677149377 Thu Feb 23 16:19:37 2023
4095  4095  4095  4095  4095  
   1    74    29  
1677149377 Thu Feb 23 16:19:37 2023
4095   471  4095  4095  4095  
   1   112    29  
1677149378 Thu Feb 23 16:19:37 2023
4095   465  4095  4095  4095  
   1   149    29  
1677149378 Thu Feb 23 16:19:38 2023
4095   462  4095  4095  4095  
   1   110    29  
1677149379 Thu Feb 23 16:19:39 2023
4095   469  4095  4095  4095  
   1   120    29  
1677149379 Thu Feb 23 16:19:39 2023
4095   468  4095  4095  4095  
   1   129    29  
1677149380 Thu Feb 23 16:19:40 2023
4095   484  4095  4095  4095  
   1    93    29  
1677149381 Thu Feb 23 16:19:41 2023
4095  4095  4095  4095  4095  
   1    61    29  
1677149381 Thu Feb 23 16:19:41 2023
4095  4095  4095  4095  4095  
   1    70    29  
1677149382 Thu Feb 23 16:19:42 2023
4095   470  4095  4095  4095  
   1    89    29  
1677149382 Thu Feb 23 16:19:42 2023
4095   486  4095  4095  4095  
   1    92    29  
1677149383 Thu Feb 23 16:19:42 2023
4095  4095  4095  4095  4095  
   1    65    29  
1677149383 Thu Feb 23 16:19:43 2023
4095   454  4095  4095  4095  
   1   109    29  
1677149384 Thu Feb 23 16:19:43 2023
4095   443  4095  4095  4095  
   1   128    29  
1677149384 Thu Feb 23 16:19:44 2023
4095   469  4095  4095  4095  
   1    86    29  
1677149385 Thu Feb 23 16:19:44 2023
4095   458  4095  4095  4095  
   1   105    29  
1677149386 Thu Feb 23 16:19:46 2023
4095   438  4095  4095  4095  
   1   154    29  
1677149387 Thu Feb 23 16:19:46 2023
4095   474  4095  4095  4095  
   1    93    29  
1677149387 Thu Feb 23 16:19:47 2023
4095   450  4095  4095  4095  
   1   118    29  
1677149388 Thu Feb 23 16:19:47 2023
4095   482  4095  4095  4095  
   1    92    29  
1677149389 Thu Feb 23 16:19:48 2023
4095   477  4095  4095  4095  
   1    93    29  
1677149389 Thu Feb 23 16:19:49 2023
4095  4095  4095  4095  4095  
   1    79    29  
1677149390 Thu Feb 23 16:19:49 2023
4095   472  4095  4095  4095  
   1    97    29  
1677149390 Thu Feb 23 16:19:50 2023
4095   449  4095  4095  4095  
   1   107    29  
1677149391 Thu Feb 23 16:19:51 2023
4095   476  4095  4095  4095  
   1   104    29  
1677149391 Thu Feb 23 16:19:51 2023
4095   458  4095  4095  4095  
   1    99    29  
1677149394 Thu Feb 23 16:19:53 2023
4095   474  4095  4095  4095  
   1   120    29  
1677149395 Thu Feb 23 16:19:55 2023
4095   461  4095  4095  4095  
   1    79    29  
1677149395 Thu Feb 23 16:19:55 2023
4095   471  4095  4095  4095  
   1    90    29  
1677149397 Thu Feb 23 16:19:56 2023
4095  4095  4095  4095  4095  
   1    73    29  
1677149397 Thu Feb 23 16:19:57 2023
4095  4095  4095  4095  4095  
   1    79    29  
1677149398 Thu Feb 23 16:19:57 2023
4095   457  4095  4095  4095  
   1    89    29  
1677149398 Thu Feb 23 16:19:58 2023
4095   481  4095  4095  4095  
   1    85    29  
1677149399 Thu Feb 23 16:19:59 2023
4095   481  4095  4095  4095  
   1    94    29  
1677149400 Thu Feb 23 16:20:00 2023
4095   477  4095  4095  4095  
   1    84    29  
1677149400 Thu Feb 23 16:20:00 2023
4095   455  4095  4095  4095  
   1    89    29  
1677149401 Thu Feb 23 16:20:00 2023
4095   522  4095  4095  4095  
   1    82    29  
1677149401 Thu Feb 23 16:20:01 2023
4095   479  4095  4095  4095  
   1   116    29  
1677149402 Thu Feb 23 16:20:02 2023
4095   455  4095  4095  4095  
   1    95    29  
1677149403 Thu Feb 23 16:20:02 2023
4095   496  4095  4095  4095  
   1    89    29  
1677149403 Thu Feb 23 16:20:03 2023
4095   460  4095  4095  4095  
   1    94    29  
1677149404 Thu Feb 23 16:20:04 2023
4095  4095  4095  4095  4095  
   1    67    29  
1677149404 Thu Feb 23 16:20:04 2023
4095  4095  4095  4095  4095  
   1    78    29  
1677149406 Thu Feb 23 16:20:05 2023
4095  4095  4095  4095  4095  
   1    84    29  
1677149407 Thu Feb 23 16:20:07 2023
4095  4095  4095  4095  4095  
   1    76    29  
1677149407 Thu Feb 23 16:20:07 2023
4095   449  4095  4095  4095  
   1   109    29  
1677149407 Thu Feb 23 16:20:07 2023
4095   497  4095  4095  4095  
   1    74    29  
1677149407 Thu Feb 23 16:20:07 2023
4095  4095  4095  4095  4095  
   1    95    29  
1677149408 Thu Feb 23 16:20:07 2023
4095  4095  4095  4095  4095  
   1    72    29  
1677149409 Thu Feb 23 16:20:09 2023
4095   395  4095  4095  4095  
   1   121    29  
1677149409 Thu Feb 23 16:20:09 2023
4095   435  4095  4095  4095  
   1   104    29  
1677149410 Thu Feb 23 16:20:09 2023
4095   451  4095  4095  4095  
   1    92    29  
1677149410 Thu Feb 23 16:20:10 2023
4095   439  4095  4095  4095  
   1   223    29  
1677149411 Thu Feb 23 16:20:11 2023
4095  4095  4095  4095  4095  
   1    79    29  
1677149412 Thu Feb 23 16:20:12 2023
4095   496  4095  4095  4095  
   1    82    29  
1677149412 Thu Feb 23 16:20:12 2023
4095   453  4095  4095  4095  
   1   383    29  
1677149413 Thu Feb 23 16:20:12 2023
4095   512  4095  4095  4095  
   1    77    29  
1677149413 Thu Feb 23 16:20:13 2023
4095  4095  4095  4095  4095  
   1    82    29  
1677149414 Thu Feb 23 16:20:13 2023
4095   436  4095  4095  4095  
   1   111    29  
1677149414 Thu Feb 23 16:20:14 2023
4095   471  4095  4095  4095  
   1    91    29  
1677149414 Thu Feb 23 16:20:14 2023
4095   484  4095  4095  4095  
   1    92    29  
1677149415 Thu Feb 23 16:20:15 2023
4095   460  4095  4095  4095  
   1   116    29  
1677149415 Thu Feb 23 16:20:15 2023
4095  4095  4095  4095  4095  
   1    65    29  
1677149416 Thu Feb 23 16:20:15 2023
4095   473  4095  4095  4095  
   1    99    29  
1677149416 Thu Feb 23 16:20:16 2023
4095   487  4095  4095  4095  
   1   118    29  
1677149417 Thu Feb 23 16:20:16 2023
4095   467  4095  4095  4095  
   1   103    29  
1677149419 Thu Feb 23 16:20:19 2023
4095   482  4095  4095  4095  
   1   103    29  
1677149419 Thu Feb 23 16:20:19 2023
4095   456  4095  4095  4095  
   1   106    29  
1677149419 Thu Feb 23 16:20:19 2023
4095   442  4095  4095  4095  
   1   135    29  
1677149419 Thu Feb 23 16:20:19 2023
4095  4095  4095  4095  4095  
   1    76    29  
1677149420 Thu Feb 23 16:20:20 2023
4095   471  4095  4095  4095  
   1   104    29  
1677149421 Thu Feb 23 16:20:21 2023
4095   471  4095  4095  4095  
   1    95    29  
1677149421 Thu Feb 23 16:20:21 2023
4095  4095  4095  4095  4095  
   1    79    29  
1677149421 Thu Feb 23 16:20:21 2023
4095   476  4095  4095  4095  
   1    85    29  
1677149422 Thu Feb 23 16:20:21 2023
4095  4095  4095  4095  4095  
   1    70    29  
1677149422 Thu Feb 23 16:20:22 2023
4095   480  4095  4095  4095  
   1    88    29  
1677149423 Thu Feb 23 16:20:23 2023
4095  4095  4095  4095  4095  
   1    83    29  
1677149424 Thu Feb 23 16:20:24 2023
4095   472  4095  4095  4095  
   1   106    29  
1677149425 Thu Feb 23 16:20:25 2023
4095  4095  4095  4095  4095  
   1    75    29  
1677149426 Thu Feb 23 16:20:25 2023
4095   536  4095  4095  4095  
   1    94    29  
1677149427 Thu Feb 23 16:20:26 2023
4095   458  4095  4095  4095  
   1   129    29  
1677149427 Thu Feb 23 16:20:27 2023
4095   486  4095  4095  4095  
   1    99    29  
1677149428 Thu Feb 23 16:20:28 2023
4095   486  4095  4095  4095  
   1   101    29  
1677149428 Thu Feb 23 16:20:28 2023
4095  4095  4095  4095  4095  
   1    73    29  
1677149428 Thu Feb 23 16:20:28 2023
4095   460  4095  4095  4095  
   1   100    29  
1677149429 Thu Feb 23 16:20:29 2023
4095   462  4095  4095  4095  
   1   112    29  
1677149429 Thu Feb 23 16:20:29 2023
4095  4095  4095  4095  4095  
   1    71    29  
1677149430 Thu Feb 23 16:20:29 2023
4095   448  4095  4095  4095  
   1   112    29  
1677149430 Thu Feb 23 16:20:30 2023
4095  4095  4095  4095  4095  
   1    69    29  
1677149430 Thu Feb 23 16:20:30 2023
4095   451  4095  4095  4095  
   1    89    29  
1677149431 Thu Feb 23 16:20:31 2023
4095   456  4095  4095  4095  
   1    98    29  
1677149431 Thu Feb 23 16:20:31 2023
4095  4095  4095  4095  4095  
   1    72    29  
1677149432 Thu Feb 23 16:20:32 2023
4095  4095  4095  4095  4095  
   1    77    29  
1677149433 Thu Feb 23 16:20:33 2023
4095   411  4095  4095  4095  
   1   119    29  
1677149433 Thu Feb 23 16:20:33 2023
4095   465  4095  4095  4095  
   1   114    29  
1677149434 Thu Feb 23 16:20:33 2023
4095   481  4095  4095  4095  
   1   110    29  
1677149436 Thu Feb 23 16:20:36 2023
4095   447  4095  4095  4095  
   1   148    29  
1677149437 Thu Feb 23 16:20:37 2023
4095   488  4095  4095  4095  
   1   105    29  
1677149437 Thu Feb 23 16:20:37 2023
4095   454  4095  4095  4095  
   1   112    29  
1677149440 Thu Feb 23 16:20:40 2023
4095   484  4095  4095  4095  
   1   100    29  
1677149440 Thu Feb 23 16:20:40 2023
4095   460  4095  4095  4095  
   1   103    29  
1677149440 Thu Feb 23 16:20:40 2023
4095  4095  4095  4095  4095  
   1    80    29  
1677149441 Thu Feb 23 16:20:40 2023
4095   467  4095  4095  4095  
   1    92    29  
1677149442 Thu Feb 23 16:20:41 2023
4095   507  4095  4095  4095  
   1    86    29  
1677149442 Thu Feb 23 16:20:42 2023
4095   495  4095  4095  4095  
   1    87    29  
1677149443 Thu Feb 23 16:20:43 2023
4095   544  4095  4095  4095  
   1    96    29  
1677149444 Thu Feb 23 16:20:44 2023
4095   444  4095  4095  4095  
   1   184    29  
1677149444 Thu Feb 23 16:20:44 2023
4095   430  4095  4095  4095  
   1   131    29  
1677149445 Thu Feb 23 16:20:45 2023
4095  4095  4095  4095  4095  
   1    70    29  
1677149445 Thu Feb 23 16:20:45 2023
4095   462  4095  4095  4095  
   1    98    29  
1677149446 Thu Feb 23 16:20:46 2023
4095  4095  4095  4095  4095  
   1    92    29  
1677149447 Thu Feb 23 16:20:47 2023
4095   455  4095  4095  4095  
   1    98    29  
1677149448 Thu Feb 23 16:20:48 2023
4095   472  4095  4095  4095  
   1   102    29  
1677149448 Thu Feb 23 16:20:48 2023
4095   455  4095  4095  4095  
   1    99    29  
1677149449 Thu Feb 23 16:20:49 2023
4095  4095  4095  4095  4095  
   1    85    29  
1677149450 Thu Feb 23 16:20:49 2023
4095   484  4095  4095  4095  
   1    98    29  
1677149450 Thu Feb 23 16:20:50 2023
4095   499  4095  4095  4095  
   1    95    29  
1677149450 Thu Feb 23 16:20:50 2023
4095   477  4095  4095  4095  
   1    88    29  
1677149451 Thu Feb 23 16:20:51 2023
4095   456  4095  4095  4095  
   1   101    29  
1677149452 Thu Feb 23 16:20:52 2023
4095   454  4095  4095  4095  
   1    99    29  
1677149452 Thu Feb 23 16:20:52 2023
4095   465  4095  4095  4095  
   1   110    29  
1677149453 Thu Feb 23 16:20:52 2023
4095  4095  4095  4095  4095  
   1    75    29  
1677149453 Thu Feb 23 16:20:53 2023
4095  4095  4095  4095  4095  
   1    86    29  
1677149453 Thu Feb 23 16:20:53 2023
4095   446  4095  4095  4095  
   1   152    29  
1677149454 Thu Feb 23 16:20:53 2023
4095   452  4095  4095  4095  
   1   108    29  
1677149454 Thu Feb 23 16:20:54 2023
4095   472  4095  4095  4095  
   1   112    29  
1677149454 Thu Feb 23 16:20:54 2023
4095   482  4095  4095  4095  
   1    88    29  
1677149454 Thu Feb 23 16:20:54 2023
4095  4095  4095  4095  4095  
   1    82    29  
1677149455 Thu Feb 23 16:20:55 2023
4095  4095  4095  4095  4095  
   1    68    29  
1677149456 Thu Feb 23 16:20:55 2023
4095   481  4095  4095  4095  
   1   104    29  
1677149456 Thu Feb 23 16:20:56 2023
4095   472  4095  4095  4095  
   1   103    29  
1677149457 Thu Feb 23 16:20:57 2023
4095   443  4095  4095  4095  
   1   119    29  
1677149458 Thu Feb 23 16:20:57 2023
4095   449  4095  4095  4095  
   1   128    29  
1677149459 Thu Feb 23 16:20:59 2023
4095   471  4095  4095  4095  
   1   101    29  
1677149460 Thu Feb 23 16:21:00 2023
4095   482  4095  4095  4095  
   1   108    29  
1677149460 Thu Feb 23 16:21:00 2023
4095   472  4095  4095  4095  
   1    95    29  
1677149461 Thu Feb 23 16:21:00 2023
4095  4095  4095  4095  4095  
   1    67    29  
1677149461 Thu Feb 23 16:21:01 2023
4095   457  4095  4095  4095  
   1    92    29  
1677149461 Thu Feb 23 16:21:01 2023
4095   469  4095  4095  4095  
   1    82    29  
1677149462 Thu Feb 23 16:21:02 2023
4095   501  4095  4095  4095  
   1    83    29  
1677149462 Thu Feb 23 16:21:02 2023
4095   448  4095  4095  4095  
   1   110    29  
1677149463 Thu Feb 23 16:21:03 2023
4095   461  4095  4095  4095  
   1   105    29  
1677149463 Thu Feb 23 16:21:03 2023
4095   451  4095  4095  4095  
   1   105    29  
1677149463 Thu Feb 23 16:21:03 2023
4095   438  4095  4095  4095  
   1   136    29  
1677149464 Thu Feb 23 16:21:04 2023
4095   510  4095  4095  4095  
   1    86    29  
1677149465 Thu Feb 23 16:21:04 2023
4095   446  4095  4095  4095  
   1   110    29  
1677149465 Thu Feb 23 16:21:05 2023
4095   462  4095  4095  4095  
   1   130    29  
1677149466 Thu Feb 23 16:21:06 2023
4095   497  4095  4095  4095  
   1    87    29  
1677149467 Thu Feb 23 16:21:06 2023
4095  4095  4095  4095  4095  
   1    78    29  
1677149467 Thu Feb 23 16:21:07 2023
4095   470  4095  4095  4095  
   1   127    29  
1677149468 Thu Feb 23 16:21:08 2023
4095   468  4095  4095  4095  
   1   115    29  
1677149469 Thu Feb 23 16:21:09 2023
4095  4095  4095  4095  4095  
   1    72    29  
1677149469 Thu Feb 23 16:21:09 2023
4095  4095  4095  4095  4095  
   1    59    29  
1677149470 Thu Feb 23 16:21:10 2023
4095   460  4095  4095  4095  
   1   105    29  
1677149471 Thu Feb 23 16:21:10 2023
4095  4095  4095  4095  4095  
   1    77    29  
1677149471 Thu Feb 23 16:21:11 2023
4095   443  4095  4095  4095  
   1    84    29  
1677149472 Thu Feb 23 16:21:11 2023
4095   462  4095  4095  4095  
   1    86    29  
1677149472 Thu Feb 23 16:21:12 2023
4095   459  4095  4095  4095  
   1   116    29  
1677149472 Thu Feb 23 16:21:12 2023
4095   443  4095  4095  4095  
   1   123    29  
1677149473 Thu Feb 23 16:21:13 2023
4095  4095  4095  4095  4095  
   1    69    29  
1677149473 Thu Feb 23 16:21:13 2023
4095   462  4095  4095  4095  
   1   113    29  
1677149473 Thu Feb 23 16:21:13 2023
4095   470  4095  4095  4095  
   1    86    29  
1677149474 Thu Feb 23 16:21:13 2023
4095   470  4095  4095  4095  
   1   104    29  
1677149474 Thu Feb 23 16:21:14 2023
4095  4095  4095  4095  4095  
   1    68    29  
1677149474 Thu Feb 23 16:21:14 2023
4095   437  4095  4095  4095  
   1   148    29  
1677149475 Thu Feb 23 16:21:15 2023
4095   439  4095  4095  4095  
   1   136    29  
1677149476 Thu Feb 23 16:21:15 2023
4095   448  4095  4095  4095  
   1    88    29  
1677149476 Thu Feb 23 16:21:16 2023
4095   403  4095  4095  4095  
   1   155    29  
1677149477 Thu Feb 23 16:21:17 2023
4095   466  4095  4095  4095  
   1    84    29  
1677149478 Thu Feb 23 16:21:18 2023
4095  4095  4095  4095  4095  
   1    81    29  
1677149479 Thu Feb 23 16:21:19 2023
4095   490  4095  4095  4095  
   1   106    29  
1677149479 Thu Feb 23 16:21:19 2023
4095  4095  4095  4095  4095  
   1    73    29  
1677149480 Thu Feb 23 16:21:20 2023
4095   466  4095  4095  4095  
   1   117    29  
1677149481 Thu Feb 23 16:21:20 2023
4095   497  4095  4095  4095  
   1    80    29  
1677149481 Thu Feb 23 16:21:21 2023
4095   469  4095  4095  4095  
   1    89    29  
1677149482 Thu Feb 23 16:21:21 2023
4095   456  4095  4095  4095  
   1    90    29  
1677149482 Thu Feb 23 16:21:22 2023
4095   467  4095  4095  4095  
   1    96    29  
1677149483 Thu Feb 23 16:21:23 2023
4095   458  4095  4095  4095  
   1    99    29  
1677149483 Thu Feb 23 16:21:23 2023
4095  4095  4095  4095  4095  
   1    78    29  
1677149484 Thu Feb 23 16:21:23 2023
4095   454  4095  4095  4095  
   1   178    29  
1677149484 Thu Feb 23 16:21:24 2023
4095  4095  4095  4095  4095  
   1    74    29  
1677149484 Thu Feb 23 16:21:24 2023
4095   476  4095  4095  4095  
   1   119    29  
1677149485 Thu Feb 23 16:21:25 2023
4095   494  4095  4095  4095  
   1    93    29  
1677149486 Thu Feb 23 16:21:26 2023
4095   480  4095  4095  4095  
   1   100    29  
1677149486 Thu Feb 23 16:21:26 2023
4095   504  4095  4095  4095  
   1   107    29  
1677149487 Thu Feb 23 16:21:26 2023
4095   502  4095  4095  4095  
   1    96    29  
1677149487 Thu Feb 23 16:21:27 2023
4095   490  4095  4095  4095  
   1    90    29  
1677149487 Thu Feb 23 16:21:27 2023
4095   512  4095  4095  4095  
   1    77    29  
1677149488 Thu Feb 23 16:21:28 2023
4095   465  4095  4095  4095  
   1    82    29  
1677149488 Thu Feb 23 16:21:28 2023
4095   489  4095  4095  4095  
   1    97    29  
1677149488 Thu Feb 23 16:21:28 2023
4095   469  4095  4095  4095  
   1   150    29  
1677149489 Thu Feb 23 16:21:29 2023
4095  4095  4095  4095  4095  
   1    74    29  
1677149489 Thu Feb 23 16:21:29 2023
4095   435  4095  4095  4095  
   1   111    29  
1677149490 Thu Feb 23 16:21:29 2023
4095   465  4095  4095  4095  
   1   110    29  
1677149490 Thu Feb 23 16:21:30 2023
4095   475  4095  4095  4095  
   1    88    29  
1677149491 Thu Feb 23 16:21:30 2023
4095  4095  4095  4095  4095  
   1    83    29  
1677149491 Thu Feb 23 16:21:31 2023
4095  4095  4095  4095  4095  
   1    81    29  
1677149491 Thu Feb 23 16:21:31 2023
4095   469  4095  4095  4095  
   1   100    29  
1677149492 Thu Feb 23 16:21:31 2023
4095   469  4095  4095  4095  
   1   102    29  
1677149492 Thu Feb 23 16:21:32 2023
4095   508  4095  4095  4095  
   1    84    29  
1677149493 Thu Feb 23 16:21:33 2023
4095  4095  4095  4095  4095  
   1    74    29  
1677149493 Thu Feb 23 16:21:33 2023
4095   508  4095  4095  4095  
   1    86    29  
1677149494 Thu Feb 23 16:21:33 2023
4095   470  4095  4095  4095  
   1    90    29  
1677149494 Thu Feb 23 16:21:34 2023
4095   456  4095  4095  4095  
   1   122    29  
1677149495 Thu Feb 23 16:21:35 2023
4095   432  4095  4095  4095  
   1    78    29  
1677149495 Thu Feb 23 16:21:35 2023
4095  4095  4095  4095  4095  
   1    73    29  
1677149497 Thu Feb 23 16:21:37 2023
4095   517  4095  4095  4095  
   1    80    29  
1677149498 Thu Feb 23 16:21:38 2023
4095   481  4095  4095  4095  
   1    89    29  
1677149499 Thu Feb 23 16:21:39 2023
4095   457  4095  4095  4095  
   1   100    29  
1677149499 Thu Feb 23 16:21:39 2023
4095  4095  4095  4095  4095  
   1    72    29  
1677149500 Thu Feb 23 16:21:40 2023
4095  4095  4095  4095  4095  
   1    46    29  
1677149500 Thu Feb 23 16:21:40 2023
4095   473  4095  4095  4095  
   1    96    29  
1677149500 Thu Feb 23 16:21:40 2023
4095   464  4095  4095  4095  
   1    94    29  
1677149501 Thu Feb 23 16:21:40 2023
4095   466  4095  4095  4095  
   1   113    29  
1677149501 Thu Feb 23 16:21:41 2023
4095   472  4095  4095  4095  
   1   106    29  
1677149501 Thu Feb 23 16:21:41 2023
4095  4095  4095  4095  4095  
   1    79    29  
1677149502 Thu Feb 23 16:21:41 2023
4095   445  4095  4095  4095  
   1   102    29  
1677149502 Thu Feb 23 16:21:42 2023
4095   527  4095  4095  4095  
   1    92    29  
1677149503 Thu Feb 23 16:21:42 2023
4095   465  4095  4095  4095  
   1    88    29  
1677149503 Thu Feb 23 16:21:43 2023
4095  4095  4095  4095  4095  
   1    78    29  
1677149504 Thu Feb 23 16:21:44 2023
4095   431  4095  4095  4095  
   1   136    29  
1677149505 Thu Feb 23 16:21:44 2023
4095   464  4095  4095  4095  
   1   103    29  
1677149505 Thu Feb 23 16:21:45 2023
4095   446  4095  4095  4095  
   1   111    29  
1677149506 Thu Feb 23 16:21:46 2023
4095   451  4095  4095  4095  
   1   111    29  
1677149507 Thu Feb 23 16:21:47 2023
4095   481  4095  4095  4095  
   1    94    29  
1677149508 Thu Feb 23 16:21:47 2023
4095   519  4095  4095  4095  
   1    87    29  
1677149508 Thu Feb 23 16:21:48 2023
4095  4095  4095  4095  4095  
   1    43    29  
1677149508 Thu Feb 23 16:21:48 2023
4095   481  4095  4095  4095  
   1    86    29  
1677149509 Thu Feb 23 16:21:49 2023
4095   469  4095  4095  4095  
   1   112    29  
1677149510 Thu Feb 23 16:21:50 2023
4095   468  4095  4095  4095  
   1    96    29  
1677149512 Thu Feb 23 16:21:51 2023
4095   464  4095  4095  4095  
   1   131    29  
1677149512 Thu Feb 23 16:21:52 2023
4095  4095  4095  4095  4095  
   1    73    29  
1677149513 Thu Feb 23 16:21:53 2023
4095   479  4095  4095  4095  
   1    87    29  
1677149514 Thu Feb 23 16:21:53 2023
4095   456  4095  4095  4095  
   1    97    29  
1677149514 Thu Feb 23 16:21:54 2023
4095   456  4095  4095  4095  
   1   103    29  
1677149515 Thu Feb 23 16:21:55 2023
4095   460  4095  4095  4095  
   1   124    29  
1677149516 Thu Feb 23 16:21:56 2023
4095   500  4095  4095  4095  
   1    92    29  
1677149517 Thu Feb 23 16:21:57 2023
4095  4095  4095  4095  4095  
   1    77    29  
1677149517 Thu Feb 23 16:21:57 2023
4095   419  4095  4095  4095  
   1   143    29  
1677149518 Thu Feb 23 16:21:57 2023
4095  4095  4095  4095  4095  
   1    89    29  
1677149518 Thu Feb 23 16:21:58 2023
4095   481  4095  4095  4095  
   1   104    29  
1677149518 Thu Feb 23 16:21:58 2023
4095   554  4095  4095  4095  
   1    87    29  
1677149520 Thu Feb 23 16:21:59 2023
4095   467  4095  4095  4095  
   1    82    29  
1677149520 Thu Feb 23 16:22:00 2023
4095   474  4095  4095  4095  
   1    97    29  
1677149523 Thu Feb 23 16:22:02 2023
4095   450  4095  4095  4095  
   1    95    29  
1677149523 Thu Feb 23 16:22:03 2023
4095  4095  4095  4095  4095  
   1    87    29  
1677149523 Thu Feb 23 16:22:03 2023
4095  4095  4095  4095  4095  
   1    79    29  
1677149523 Thu Feb 23 16:22:03 2023
4095   460  4095  4095  4095  
   1   137    29  
1677149524 Thu Feb 23 16:22:03 2023
4095   487  4095  4095  4095  
   1    90    29  
1677149524 Thu Feb 23 16:22:04 2023
4095   497  4095  4095  4095  
   1    87    29  
1677149525 Thu Feb 23 16:22:04 2023
4095  4095  4095  4095  4095  
   1    80    29  
1677149525 Thu Feb 23 16:22:05 2023
4095   474  4095  4095  4095  
   1   102    29  
1677149526 Thu Feb 23 16:22:06 2023
4095  4095  4095  4095  4095  
   1    70    29  
1677149526 Thu Feb 23 16:22:06 2023
4095  4095  4095  4095  4095  
   1    79    29  
1677149527 Thu Feb 23 16:22:06 2023
4095  4095  4095  4095  4095  
   1    80    29  
1677149527 Thu Feb 23 16:22:07 2023
4095  4095  4095  4095  4095  
   1    90    29  
1677149527 Thu Feb 23 16:22:07 2023
4095   552  4095  4095  4095  
   1    98    29  
1677149528 Thu Feb 23 16:22:07 2023
4095  4095  4095  4095  4095  
   1    90    29  
1677149530 Thu Feb 23 16:22:10 2023
4095  4095  4095  4095  4095  
   1    81    29  
1677149530 Thu Feb 23 16:22:10 2023
4095   447  4095  4095  4095  
   1   130    29  
1677149531 Thu Feb 23 16:22:11 2023
4095  4095  4095  4095  4095  
   1    85    29  
1677149533 Thu Feb 23 16:22:12 2023
4095   475  4095  4095  4095  
   1    95    29  
1677149533 Thu Feb 23 16:22:13 2023
4095  4095  4095  4095  4095  
   1    84    29  
1677149534 Thu Feb 23 16:22:13 2023
4095   453  4095  4095  4095  
   1   119    29  
1677149534 Thu Feb 23 16:22:14 2023
4095   455  4095  4095  4095  
   1    91    29  
1677149535 Thu Feb 23 16:22:14 2023
4095   459  4095  4095  4095  
   1   127    29  
1677149535 Thu Feb 23 16:22:15 2023
4095  4095  4095  4095  4095  
   1    76    29  
1677149536 Thu Feb 23 16:22:16 2023
4095   474  4095  4095  4095  
   1    98    29  
1677149537 Thu Feb 23 16:22:16 2023
4095   466  4095  4095  4095  
   1   104    29  
1677149537 Thu Feb 23 16:22:17 2023
4095  4095  4095  4095  4095  
   1    81    29  
1677149538 Thu Feb 23 16:22:17 2023
4095   483  4095  4095  4095  
   1   101    29  
1677149538 Thu Feb 23 16:22:18 2023
4095   460  4095  4095  4095  
   1    99    29  
1677149538 Thu Feb 23 16:22:18 2023
4095  4095  4095  4095  4095  
   1    73    29  
1677149539 Thu Feb 23 16:22:18 2023
4095   485  4095  4095  4095  
   1    85    29  
1677149539 Thu Feb 23 16:22:19 2023
4095   452  4095  4095  4095  
   1   174    29  
1677149539 Thu Feb 23 16:22:19 2023
4095   484  4095  4095  4095  
   1    85    29  
1677149542 Thu Feb 23 16:22:22 2023
4095   471  4095  4095  4095  
   1   114    29  
1677149542 Thu Feb 23 16:22:22 2023
4095  4095  4095  4095  4095  
   1    82    29  
1677149543 Thu Feb 23 16:22:23 2023
4095   464  4095  4095  4095  
   1   114    29  
1677149545 Thu Feb 23 16:22:24 2023
4095   468  4095  4095  4095  
   1    96    29  
1677149545 Thu Feb 23 16:22:25 2023
4095   473  4095  4095  4095  
   1    93    29  
1677149546 Thu Feb 23 16:22:26 2023
4095   459  4095  4095  4095  
   1   208    29  
1677149547 Thu Feb 23 16:22:27 2023
4095   479  4095  4095  4095  
   1    93    29  
1677149548 Thu Feb 23 16:22:27 2023
4095   501  4095  4095  4095  
   1    92    29  
1677149548 Thu Feb 23 16:22:28 2023
4095   471  4095  4095  4095  
   1    93    29  
1677149549 Thu Feb 23 16:22:28 2023
4095   458  4095  4095  4095  
   1    90    29  
1677149549 Thu Feb 23 16:22:29 2023
4095   500  4095  4095  4095  
   1    82    29  
1677149550 Thu Feb 23 16:22:29 2023
4095   459  4095  4095  4095  
   1   100    29  
1677149551 Thu Feb 23 16:22:30 2023
4095   457  4095  4095  4095  
   1   103    29  
1677149551 Thu Feb 23 16:22:31 2023
4095  4095  4095  4095  4095  
   1    65    29  
1677149552 Thu Feb 23 16:22:32 2023
4095  4095  4095  4095  4095  
   1    75    29  
1677149552 Thu Feb 23 16:22:32 2023
4095   454  4095  4095  4095  
   1   112    29  
1677149553 Thu Feb 23 16:22:32 2023
4095   486  4095  4095  4095  
   1    91    29  
1677149553 Thu Feb 23 16:22:33 2023
4095   476  4095  4095  4095  
   1    96    29  
1677149554 Thu Feb 23 16:22:33 2023
4095   478  4095  4095  4095  
   1    96    29  
1677149554 Thu Feb 23 16:22:34 2023
4095   453  4095  4095  4095  
   1    96    29  
1677149555 Thu Feb 23 16:22:34 2023
4095   484  4095  4095  4095  
   1    89    29  
1677149555 Thu Feb 23 16:22:35 2023
4095  4095  4095  4095  4095  
   1    87    29  
1677149556 Thu Feb 23 16:22:35 2023
4095   461  4095  4095  4095  
   1    93    29  
1677149556 Thu Feb 23 16:22:36 2023
4095   445  4095  4095  4095  
   1   107    29  
1677149557 Thu Feb 23 16:22:36 2023
4095   458  4095  4095  4095  
   1    98    29  
1677149558 Thu Feb 23 16:22:37 2023
4095  4095  4095  4095  4095  
   1    86    29  
1677149558 Thu Feb 23 16:22:38 2023
4095   526  4095  4095  4095  
   1    79    29  
1677149558 Thu Feb 23 16:22:38 2023
4095   472  4095  4095  4095  
   1   114    29  
1677149559 Thu Feb 23 16:22:38 2023
4095   448  4095  4095  4095  
   1    91    29  
1677149559 Thu Feb 23 16:22:39 2023
4095   537  4095  4095  4095  
   1    88    29  
1677149560 Thu Feb 23 16:22:40 2023
4095   465  4095  4095  4095  
   1   123    29  
1677149561 Thu Feb 23 16:22:41 2023
4095   453  4095  4095  4095  
   1    92    29  
1677149561 Thu Feb 23 16:22:41 2023
4095   444  4095  4095  4095  
   1   205    29  
1677149561 Thu Feb 23 16:22:41 2023
4095   478  4095  4095  4095  
   1    84    29  
1677149562 Thu Feb 23 16:22:42 2023
4095   468  4095  4095  4095  
   1   100    29  
1677149563 Thu Feb 23 16:22:42 2023
4095   468  4095  4095  4095  
   1   133    29  
1677149563 Thu Feb 23 16:22:43 2023
4095   465  4095  4095  4095  
   1   148    29  
1677149564 Thu Feb 23 16:22:43 2023
4095   467  4095  4095  4095  
   1   101    29  
1677149564 Thu Feb 23 16:22:44 2023
4095   445  4095  4095  4095  
   1    97    29  
1677149565 Thu Feb 23 16:22:44 2023
4095   478  4095  4095  4095  
   1    94    29  
1677149565 Thu Feb 23 16:22:45 2023
4095   468  4095  4095  4095  
   1   101    29  
1677149566 Thu Feb 23 16:22:46 2023
4095   472  4095  4095  4095  
   1    91    29  
1677149566 Thu Feb 23 16:22:46 2023
4095   495  4095  4095  4095  
   1    71    29  
1677149567 Thu Feb 23 16:22:46 2023
4095   490  4095  4095  4095  
   1    81    29  
1677149567 Thu Feb 23 16:22:47 2023
4095   504  4095  4095  4095  
   1    90    29  
1677149567 Thu Feb 23 16:22:47 2023
4095   477  4095  4095  4095  
   1    98    29  
1677149568 Thu Feb 23 16:22:47 2023
4095  4095  4095  4095  4095  
   1    77    29  
1677149568 Thu Feb 23 16:22:48 2023
4095   481  4095  4095  4095  
   1   101    29  
1677149569 Thu Feb 23 16:22:49 2023
4095   456  4095  4095  4095  
   1   186    29  
1677149569 Thu Feb 23 16:22:49 2023
4095  4095  4095  4095  4095  
   1    83    29  
1677149571 Thu Feb 23 16:22:51 2023
4095   490  4095  4095  4095  
   1   102    29  
1677149572 Thu Feb 23 16:22:52 2023
4095   446  4095  4095  4095  
   1   146    29  
1677149572 Thu Feb 23 16:22:52 2023
4095   456  4095  4095  4095  
   1   101    29  
1677149574 Thu Feb 23 16:22:54 2023
4095   487  4095  4095  4095  
   1    76    29  
1677149574 Thu Feb 23 16:22:54 2023
4095   445  4095  4095  4095  
   1   143    29  
1677149576 Thu Feb 23 16:22:55 2023
4095  4095  4095  4095  4095  
   1    83    29  
1677149576 Thu Feb 23 16:22:56 2023
4095   458  4095  4095  4095  
   1   117    29  
1677149576 Thu Feb 23 16:22:56 2023
4095   466  4095  4095  4095  
   1   115    29  
1677149577 Thu Feb 23 16:22:56 2023
4095   466  4095  4095  4095  
   1   114    29  
1677149577 Thu Feb 23 16:22:57 2023
4095  4095  4095  4095  4095  
   1    68    29  
1677149577 Thu Feb 23 16:22:57 2023
4095   478  4095  4095  4095  
   1   103    29  
1677149577 Thu Feb 23 16:22:57 2023
4095   441  4095  4095  4095  
   1   134    29  
1677149578 Thu Feb 23 16:22:57 2023
4095   441  4095  4095  4095  
   1   122    29  
1677149578 Thu Feb 23 16:22:58 2023
4095   451  4095  4095  4095  
   1   200    29  
1677149579 Thu Feb 23 16:22:58 2023
4095   427  4095  4095  4095  
   1   227    29  
1677149579 Thu Feb 23 16:22:59 2023
4095   481  4095  4095  4095  
   1   103    29  
1677149579 Thu Feb 23 16:22:59 2023
4095   446  4095  4095  4095  
   1   102    29  
1677149579 Thu Feb 23 16:22:59 2023
4095   472  4095  4095  4095  
   1   110    29  
1677149580 Thu Feb 23 16:23:00 2023
4095   459  4095  4095  4095  
   1   112    29  
1677149580 Thu Feb 23 16:23:00 2023
4095   448  4095  4095  4095  
   1   115    29  
1677149581 Thu Feb 23 16:23:01 2023
4095   492  4095  4095  4095  
   1    82    29  
1677149582 Thu Feb 23 16:23:02 2023
4095  4095  4095  4095  4095  
   1    83    29  
1677149582 Thu Feb 23 16:23:02 2023
4095   491  4095  4095  4095  
   1    82    29  
1677149583 Thu Feb 23 16:23:02 2023
4095   481  4095  4095  4095  
   1   105    29  
1677149584 Thu Feb 23 16:23:04 2023
4095   503  4095  4095  4095  
   1    89    29  
1677149585 Thu Feb 23 16:23:04 2023
4095   476  4095  4095  4095  
   1   104    29  
1677149586 Thu Feb 23 16:23:05 2023
4095   502  4095  4095  4095  
   1    79    29  
1677149586 Thu Feb 23 16:23:06 2023
4095   485  4095  4095  4095  
   1    90    29  
1677149586 Thu Feb 23 16:23:06 2023
4095   456  4095  4095  4095  
   1   102    29  
1677149587 Thu Feb 23 16:23:07 2023
4095   478  4095  4095  4095  
   1    90    29  
1677149588 Thu Feb 23 16:23:08 2023
4095   434  4095  4095  4095  
   1   162    29  
1677149589 Thu Feb 23 16:23:08 2023
4095   484  4095  4095  4095  
   1    82    29  
1677149589 Thu Feb 23 16:23:09 2023
4095   460  4095  4095  4095  
   1   118    29  
1677149590 Thu Feb 23 16:23:10 2023
4095   456  4095  4095  4095  
   1    87    29  
1677149591 Thu Feb 23 16:23:11 2023
4095   458  4095  4095  4095  
   1   101    29  
1677149592 Thu Feb 23 16:23:11 2023
4095  4095  4095  4095  4095  
   1    80    29  
1677149592 Thu Feb 23 16:23:12 2023
4095  4095  4095  4095  4095  
   1    71    29  
1677149592 Thu Feb 23 16:23:12 2023
4095   458  4095  4095  4095  
   1   105    29  
1677149594 Thu Feb 23 16:23:13 2023
4095   479  4095  4095  4095  
   1    97    29  
1677149594 Thu Feb 23 16:23:14 2023
4095  4095  4095  4095  4095  
   1    81    29  
1677149595 Thu Feb 23 16:23:14 2023
4095   479  4095  4095  4095  
   1    91    29  
1677149595 Thu Feb 23 16:23:15 2023
4095  4095  4095  4095  4095  
   1    75    29  
1677149596 Thu Feb 23 16:23:16 2023
4095  4095  4095  4095  4095  
   1    65    29  
1677149596 Thu Feb 23 16:23:16 2023
4095   481  4095  4095  4095  
   1    75    29  
1677149597 Thu Feb 23 16:23:16 2023
4095   470  4095  4095  4095  
   1   100    29  
1677149597 Thu Feb 23 16:23:17 2023
4095   470  4095  4095  4095  
   1    99    29  
1677149599 Thu Feb 23 16:23:19 2023
4095  4095  4095  4095  4095  
   1    82    29  
1677149599 Thu Feb 23 16:23:19 2023
4095   498  4095  4095  4095  
   1    89    29  
1677149600 Thu Feb 23 16:23:19 2023
4095   443  4095  4095  4095  
   1    97    29  
1677149601 Thu Feb 23 16:23:20 2023
4095   464  4095  4095  4095  
   1   104    29  
1677149601 Thu Feb 23 16:23:21 2023
4095   463  4095  4095  4095  
   1    95    29  
1677149601 Thu Feb 23 16:23:21 2023
4095   467  4095  4095  4095  
   1    93    29  
1677149602 Thu Feb 23 16:23:21 2023
4095   465  4095  4095  4095  
   1   123    29  
1677149602 Thu Feb 23 16:23:22 2023
4095   454  4095  4095  4095  
   1   146    29  
1677149602 Thu Feb 23 16:23:22 2023
4095   458  4095  4095  4095  
   1   144    29  
1677149602 Thu Feb 23 16:23:22 2023
4095  4095  4095  4095  4095  
   1    84    29  
1677149603 Thu Feb 23 16:23:23 2023
4095   508  4095  4095  4095  
   1    86    29  
1677149603 Thu Feb 23 16:23:23 2023
4095   443  4095  4095  4095  
   1   105    29  
1677149604 Thu Feb 23 16:23:23 2023
4095   467  4095  4095  4095  
   1   111    29  
1677149604 Thu Feb 23 16:23:24 2023
4095  4095  4095  4095  4095  
   1    74    29  
1677149604 Thu Feb 23 16:23:24 2023
4095   454  4095  4095  4095  
   1    96    29  
1677149605 Thu Feb 23 16:23:25 2023
4095   448  4095  4095  4095  
   1   103    29  
1677149607 Thu Feb 23 16:23:27 2023
4095   506  4095  4095  4095  
   1    82    29  
1677149608 Thu Feb 23 16:23:28 2023
4095   529  4095  4095  4095  
   1    73    29  
1677149609 Thu Feb 23 16:23:29 2023
4095  4095  4095  4095  4095  
   1    90    29  
1677149610 Thu Feb 23 16:23:29 2023
4095   473  4095  4095  4095  
   1   127    29  
1677149610 Thu Feb 23 16:23:30 2023
4095  4095  4095  4095  4095  
   1    74    29  
1677149611 Thu Feb 23 16:23:30 2023
4095   455  4095  4095  4095  
   1   126    29  
1677149611 Thu Feb 23 16:23:31 2023
4095  4095  4095  4095  4095  
   1    78    29  
1677149611 Thu Feb 23 16:23:31 2023
4095   479  4095  4095  4095  
   1    83    29  
1677149612 Thu Feb 23 16:23:31 2023
4095   450  4095  4095  4095  
   1   101    29  
1677149612 Thu Feb 23 16:23:32 2023
4095   472  4095  4095  4095  
   1    91    29  
1677149613 Thu Feb 23 16:23:32 2023
4095   507  4095  4095  4095  
   1    77    29  
1677149614 Thu Feb 23 16:23:33 2023
4095  4095  4095  4095  4095  
   1    72    29  
1677149614 Thu Feb 23 16:23:34 2023
4095  4095  4095  4095  4095  
   1    71    29  
1677149615 Thu Feb 23 16:23:35 2023
4095   482  4095  4095  4095  
   1   100    29  
1677149615 Thu Feb 23 16:23:35 2023
4095   422  4095  4095  4095  
   1   106    29  
1677149616 Thu Feb 23 16:23:35 2023
4095   482  4095  4095  4095  
   1    91    29  
1677149616 Thu Feb 23 16:23:36 2023
4095  4095  4095  4095  4095  
   1    78    29  
1677149616 Thu Feb 23 16:23:36 2023
4095   470  4095  4095  4095  
   1    90    29  
1677149618 Thu Feb 23 16:23:37 2023
4095   444  4095  4095  4095  
   1    89    29  
1677149618 Thu Feb 23 16:23:38 2023
4095  4095  4095  4095  4095  
   1    67    29  
1677149618 Thu Feb 23 16:23:38 2023
4095   455  4095  4095  4095  
   1    88    29  
1677149620 Thu Feb 23 16:23:40 2023
4095   446  4095  4095  4095  
   1   156    29  
1677149620 Thu Feb 23 16:23:40 2023
4095   474  4095  4095  4095  
   1   101    29  
1677149621 Thu Feb 23 16:23:40 2023
4095  4095  4095  4095  4095  
   1    43    29  
1677149621 Thu Feb 23 16:23:41 2023
4095   484  4095  4095  4095  
   1   110    29  
1677149622 Thu Feb 23 16:23:41 2023
4095   485  4095  4095  4095  
   1    93    29  
1677149622 Thu Feb 23 16:23:42 2023
4095   449  4095  4095  4095  
   1   148    29  
1677149623 Thu Feb 23 16:23:43 2023
4095   480  4095  4095  4095  
   1    98    29  
1677149623 Thu Feb 23 16:23:43 2023
4095   445  4095  4095  4095  
   1   117    29  
1677149624 Thu Feb 23 16:23:44 2023
4095   465  4095  4095  4095  
   1   109    29  
1677149625 Thu Feb 23 16:23:45 2023
4095  4095  4095  4095  4095  
   1    81    29  
1677149626 Thu Feb 23 16:23:45 2023
4095  4095  4095  4095  4095  
   1    71    29  
1677149626 Thu Feb 23 16:23:46 2023
4095   433  4095  4095  4095  
   1   147    29  
1677149628 Thu Feb 23 16:23:48 2023
4095   475  4095  4095  4095  
   1   101    29  
1677149629 Thu Feb 23 16:23:49 2023
4095   485  4095  4095  4095  
   1    98    29  
1677149629 Thu Feb 23 16:23:49 2023
4095  4095  4095  4095  4095  
   1    74    29  
1677149631 Thu Feb 23 16:23:50 2023
4095   453  4095  4095  4095  
   1   140    29  
1677149632 Thu Feb 23 16:23:52 2023
4095   456  4095  4095  4095  
   1   106    29  
1677149632 Thu Feb 23 16:23:52 2023
4095   461  4095  4095  4095  
   1    87    29  
1677149633 Thu Feb 23 16:23:53 2023
4095   463  4095  4095  4095  
   1   104    29  
1677149634 Thu Feb 23 16:23:54 2023
4095   484  4095  4095  4095  
   1    89    29  
1677149635 Thu Feb 23 16:23:55 2023
4095   461  4095  4095  4095  
   1   107    29  
1677149635 Thu Feb 23 16:23:55 2023
4095  4095  4095  4095  4095  
   1    78    29  
1677149636 Thu Feb 23 16:23:56 2023
4095   466  4095  4095  4095  
   1    94    29  
1677149636 Thu Feb 23 16:23:56 2023
4095  4095  4095  4095  4095  
   1    75    29  
1677149636 Thu Feb 23 16:23:56 2023
4095   472  4095  4095  4095  
   1   101    29  
1677149637 Thu Feb 23 16:23:57 2023
4095   442  4095  4095  4095  
   1   150    29  
1677149638 Thu Feb 23 16:23:58 2023
4095   498  4095  4095  4095  
   1    94    29  
1677149638 Thu Feb 23 16:23:58 2023
4095  4095  4095  4095  4095  
   1    81    29  
1677149639 Thu Feb 23 16:23:58 2023
4095   456  4095  4095  4095  
   1    97    29  
1677149639 Thu Feb 23 16:23:59 2023
4095   475  4095  4095  4095  
   1   118    29  
1677149639 Thu Feb 23 16:23:59 2023
4095   468  4095  4095  4095  
   1    97    29  
1677149640 Thu Feb 23 16:23:59 2023
4095   484  4095  4095  4095  
   1    89    29  
1677149640 Thu Feb 23 16:24:00 2023
4095   449  4095  4095  4095  
   1   119    29  
1677149641 Thu Feb 23 16:24:01 2023
4095   469  4095  4095  4095  
   1    93    29  
1677149641 Thu Feb 23 16:24:01 2023
4095  4095  4095  4095  4095  
   1    66    29  
1677149641 Thu Feb 23 16:24:01 2023
4095   473  4095  4095  4095  
   1   101    29  
1677149642 Thu Feb 23 16:24:02 2023
4095   471  4095  4095  4095  
   1    93    29  
1677149643 Thu Feb 23 16:24:03 2023
4095   544  4095  4095  4095  
   1    92    29  
1677149644 Thu Feb 23 16:24:03 2023
4095   453  4095  4095  4095  
   1    85    29  
1677149644 Thu Feb 23 16:24:04 2023
4095  4095  4095  4095  4095  
   1    79    29  
1677149644 Thu Feb 23 16:24:04 2023
4095   462  4095  4095  4095  
   1   109    29  
1677149644 Thu Feb 23 16:24:04 2023
4095   449  4095  4095  4095  
   1   144    29  
1677149645 Thu Feb 23 16:24:05 2023
4095   474  4095  4095  4095  
   1    97    29  
1677149645 Thu Feb 23 16:24:05 2023
4095   458  4095  4095  4095  
   1   120    29  
1677149646 Thu Feb 23 16:24:05 2023
4095   475  4095  4095  4095  
   1   117    29  
1677149648 Thu Feb 23 16:24:08 2023
4095  4095  4095  4095  4095  
   1    78    29  
1677149648 Thu Feb 23 16:24:08 2023
4095   506  4095  4095  4095  
   1   101    29  
1677149648 Thu Feb 23 16:24:08 2023
4095   439  4095  4095  4095  
   1   108    29  
1677149650 Thu Feb 23 16:24:10 2023
4095   493  4095  4095  4095  
   1    81    29  
1677149650 Thu Feb 23 16:24:10 2023
4095   489  4095  4095  4095  
   1    80    29  
1677149651 Thu Feb 23 16:24:11 2023
4095   470  4095  4095  4095  
   1    86    29  
1677149653 Thu Feb 23 16:24:12 2023
4095   483  4095  4095  4095  
   1    85    29  
1677149654 Thu Feb 23 16:24:14 2023
4095   496  4095  4095  4095  
   1    97    29  
1677149654 Thu Feb 23 16:24:14 2023
4095   448  4095  4095  4095  
   1   100    29  
1677149655 Thu Feb 23 16:24:15 2023
4095   447  4095  4095  4095  
   1   177    29  
1677149655 Thu Feb 23 16:24:15 2023
4095   476  4095  4095  4095  
   1    77    29  
1677149656 Thu Feb 23 16:24:15 2023
4095   476  4095  4095  4095  
   1    88    29  
1677149657 Thu Feb 23 16:24:17 2023
4095   437  4095  4095  4095  
   1   136    29  
1677149658 Thu Feb 23 16:24:17 2023
4095   447  4095  4095  4095  
   1   120    29  
1677149658 Thu Feb 23 16:24:18 2023
4095   453  4095  4095  4095  
   1    95    29  
1677149659 Thu Feb 23 16:24:19 2023
4095  4095  4095  4095  4095  
   1    71    29  
1677149659 Thu Feb 23 16:24:19 2023
4095  4095  4095  4095  4095  
   1    85    29  
1677149659 Thu Feb 23 16:24:19 2023
4095  4095  4095  4095  4095  
   1    81    29  
1677149659 Thu Feb 23 16:24:19 2023
4095   495  4095  4095  4095  
   1    91    29  
1677149660 Thu Feb 23 16:24:19 2023
4095   454  4095  4095  4095  
   1   101    29  
1677149660 Thu Feb 23 16:24:20 2023
4095   485  4095  4095  4095  
   1    81    29  
1677149660 Thu Feb 23 16:24:20 2023
4095   461  4095  4095  4095  
   1   105    29  
1677149661 Thu Feb 23 16:24:20 2023
4095   447  4095  4095  4095  
   1   179    29  
1677149661 Thu Feb 23 16:24:21 2023
4095   468  4095  4095  4095  
   1   103    29  
1677149661 Thu Feb 23 16:24:21 2023
4095  4095  4095  4095  4095  
   1    78    29  
1677149661 Thu Feb 23 16:24:21 2023
4095   447  4095  4095  4095  
   1   121    29  
1677149662 Thu Feb 23 16:24:21 2023
4095   461  4095  4095  4095  
   1   131    29  
1677149662 Thu Feb 23 16:24:22 2023
4095   463  4095  4095  4095  
   1    78    29  
1677149662 Thu Feb 23 16:24:22 2023
4095   455  4095  4095  4095  
   1    90    29  
1677149662 Thu Feb 23 16:24:22 2023
4095  4095  4095  4095  4095  
   1    72    29  
1677149663 Thu Feb 23 16:24:22 2023
4095   485  4095  4095  4095  
   1    84    29  
1677149663 Thu Feb 23 16:24:23 2023
4095   476  4095  4095  4095  
   1   112    29  
1677149664 Thu Feb 23 16:24:23 2023
4095  4095  4095  4095  4095  
   1    86    29  
1677149664 Thu Feb 23 16:24:24 2023
4095   496  4095  4095  4095  
   1    96    29  
1677149664 Thu Feb 23 16:24:24 2023
4095   473  4095  4095  4095  
   1   143    29  
1677149665 Thu Feb 23 16:24:24 2023
4095   471  4095  4095  4095  
   1   108    29  
1677149665 Thu Feb 23 16:24:25 2023
4095  4095  4095  4095  4095  
   1    82    29  
1677149665 Thu Feb 23 16:24:25 2023
4095   492  4095  4095  4095  
   1    87    29  
1677149666 Thu Feb 23 16:24:26 2023
4095   472  4095  4095  4095  
   1   106    29  
1677149667 Thu Feb 23 16:24:26 2023
4095   477  4095  4095  4095  
   1    98    29  
1677149668 Thu Feb 23 16:24:27 2023
4095   473  4095  4095  4095  
   1    94    29  
1677149668 Thu Feb 23 16:24:28 2023
4095  4095  4095  4095  4095  
   1    76    29  
1677149669 Thu Feb 23 16:24:29 2023
4095   472  4095  4095  4095  
   1   136    29  
1677149671 Thu Feb 23 16:24:30 2023
4095   439  4095  4095  4095  
   1   193    29  
1677149671 Thu Feb 23 16:24:31 2023
4095  4095  4095  4095  4095  
   1    74    29  
1677149672 Thu Feb 23 16:24:31 2023
4095   465  4095  4095  4095  
   1    95    29  
1677149673 Thu Feb 23 16:24:33 2023
4095  4095  4095  4095  4095  
   1    75    29  
1677149674 Thu Feb 23 16:24:33 2023
4095   469  4095  4095  4095  
   1   103    29  
1677149674 Thu Feb 23 16:24:34 2023
4095   480  4095  4095  4095  
   1    97    29  
1677149675 Thu Feb 23 16:24:35 2023
4095   482  4095  4095  4095  
   1    82    29  
1677149676 Thu Feb 23 16:24:35 2023
4095   468  4095  4095  4095  
   1    96    29  
1677149676 Thu Feb 23 16:24:36 2023
4095   474  4095  4095  4095  
   1   106    29  
1677149676 Thu Feb 23 16:24:36 2023
4095   477  4095  4095  4095  
   1   108    29  
1677149677 Thu Feb 23 16:24:37 2023
4095   484  4095  4095  4095  
   1    89    29  
1677149677 Thu Feb 23 16:24:37 2023
4095   461  4095  4095  4095  
   1   147    29  
1677149678 Thu Feb 23 16:24:38 2023
4095   533  4095  4095  4095  
   1    78    29  
1677149679 Thu Feb 23 16:24:38 2023
4095   467  4095  4095  4095  
   1    89    29  
1677149679 Thu Feb 23 16:24:39 2023
4095  4095  4095  4095  4095  
   1    80    29  
1677149681 Thu Feb 23 16:24:41 2023
4095   504  4095  4095  4095  
   1    86    29  
1677149682 Thu Feb 23 16:24:41 2023
4095  4095  4095  4095  4095  
   1    66    29  
1677149682 Thu Feb 23 16:24:42 2023
4095   468  4095  4095  4095  
   1   111    29  
1677149682 Thu Feb 23 16:24:42 2023
4095   427  4095  4095  4095  
   1   129    29  
1677149682 Thu Feb 23 16:24:42 2023
4095  4095  4095  4095  4095  
   1    73    29  
1677149683 Thu Feb 23 16:24:43 2023
4095   458  4095  4095  4095  
   1   103    29  
1677149684 Thu Feb 23 16:24:43 2023
4095   418  4095  4095  4095  
   1    84    29  
1677149684 Thu Feb 23 16:24:44 2023
4095   465  4095  4095  4095  
   1   118    29  
1677149684 Thu Feb 23 16:24:44 2023
4095  4095  4095  4095  4095  
   1    92    29  
1677149685 Thu Feb 23 16:24:45 2023
4095   458  4095  4095  4095  
   1   103    29  
1677149685 Thu Feb 23 16:24:45 2023
4095   463  4095  4095  4095  
   1   104    29  
1677149686 Thu Feb 23 16:24:46 2023
4095   455  4095  4095  4095  
   1   113    29  
1677149686 Thu Feb 23 16:24:46 2023
4095   463  4095  4095  4095  
   1   174    29  
1677149686 Thu Feb 23 16:24:46 2023
4095   465  4095  4095  4095  
   1    96    29  
1677149687 Thu Feb 23 16:24:46 2023
4095   458  4095  4095  4095  
   1   102    29  
1677149687 Thu Feb 23 16:24:47 2023
4095   438  4095  4095  4095  
   1   157    29  
1677149688 Thu Feb 23 16:24:48 2023
4095   447  4095  4095  4095  
   1   150    29  
1677149688 Thu Feb 23 16:24:48 2023
4095   457  4095  4095  4095  
   1    97    29  
1677149689 Thu Feb 23 16:24:49 2023
4095   495  4095  4095  4095  
   1   104    29  
1677149689 Thu Feb 23 16:24:49 2023
4095  4095  4095  4095  4095  
   1    92    29  
1677149690 Thu Feb 23 16:24:50 2023
4095  4095  4095  4095  4095  
   1    70    29  
1677149691 Thu Feb 23 16:24:51 2023
4095   456  4095  4095  4095  
   1   183    29  
1677149691 Thu Feb 23 16:24:51 2023
4095   506  4095  4095  4095  
   1    98    29  
1677149692 Thu Feb 23 16:24:52 2023
4095   466  4095  4095  4095  
   1   122    29  
1677149693 Thu Feb 23 16:24:52 2023
4095  4095  4095  4095  4095  
   1    71    29  
1677149693 Thu Feb 23 16:24:53 2023
4095   484  4095  4095  4095  
   1    87    29  
1677149693 Thu Feb 23 16:24:53 2023
4095  4095  4095  4095  4095  
   1    77    29  
1677149694 Thu Feb 23 16:24:54 2023
4095  4095  4095  4095  4095  
   1    67    29  
1677149694 Thu Feb 23 16:24:54 2023
4095   479  4095  4095  4095  
   1    87    29  
1677149695 Thu Feb 23 16:24:54 2023
4095   439  4095  4095  4095  
   1   193    29  
1677149695 Thu Feb 23 16:24:55 2023
4095   496  4095  4095  4095  
   1    99    29  
1677149697 Thu Feb 23 16:24:56 2023
4095   467  4095  4095  4095  
   1   132    29  
1677149698 Thu Feb 23 16:24:58 2023
4095   492  4095  4095  4095  
   1    95    29  
1677149699 Thu Feb 23 16:24:58 2023
4095   475  4095  4095  4095  
   1   100    29  
1677149699 Thu Feb 23 16:24:59 2023
4095   452  4095  4095  4095  
   1    89    29  
1677149699 Thu Feb 23 16:24:59 2023
4095   449  4095  4095  4095  
   1   109    29  
1677149700 Thu Feb 23 16:25:00 2023
4095   473  4095  4095  4095  
   1   116    29  
1677149700 Thu Feb 23 16:25:00 2023
4095   469  4095  4095  4095  
   1    97    29  
1677149701 Thu Feb 23 16:25:00 2023
4095   511  4095  4095  4095  
   1    95    29  
1677149701 Thu Feb 23 16:25:01 2023
4095   470  4095  4095  4095  
   1    91    29  
1677149701 Thu Feb 23 16:25:01 2023
4095   480  4095  4095  4095  
   1    81    29  
1677149702 Thu Feb 23 16:25:01 2023
4095   467  4095  4095  4095  
   1   116    29  
1677149702 Thu Feb 23 16:25:02 2023
4095   464  4095  4095  4095  
   1    99    29  
1677149703 Thu Feb 23 16:25:02 2023
4095   556  4095  4095  4095  
   1    88    29  
1677149703 Thu Feb 23 16:25:03 2023
4095   456  4095  4095  4095  
   1   128    29  
1677149703 Thu Feb 23 16:25:03 2023
4095   481  4095  4095  4095  
   1   100    29  
1677149704 Thu Feb 23 16:25:04 2023
4095   477  4095  4095  4095  
   1    89    29  
1677149704 Thu Feb 23 16:25:04 2023
4095   468  4095  4095  4095  
   1   108    29  
1677149705 Thu Feb 23 16:25:05 2023
4095  4095  4095  4095  4095  
   1    73    29  
1677149706 Thu Feb 23 16:25:06 2023
4095   468  4095  4095  4095  
   1    77    29  
1677149706 Thu Feb 23 16:25:06 2023
4095  4095  4095  4095  4095  
   1    87    29  
1677149707 Thu Feb 23 16:25:07 2023
4095   461  4095  4095  4095  
   1    88    29  
1677149708 Thu Feb 23 16:25:08 2023
4095   482  4095  4095  4095  
   1    83    29  
1677149708 Thu Feb 23 16:25:08 2023
4095   459  4095  4095  4095  
   1   116    29  
1677149709 Thu Feb 23 16:25:08 2023
4095   468  4095  4095  4095  
   1    90    29  
1677149709 Thu Feb 23 16:25:09 2023
4095   458  4095  4095  4095  
   1   133    29  
1677149710 Thu Feb 23 16:25:09 2023
4095  4095  4095  4095  4095  
   1    84    29  
1677149711 Thu Feb 23 16:25:11 2023
4095   470  4095  4095  4095  
   1    98    29  
1677149712 Thu Feb 23 16:25:12 2023
4095   470  4095  4095  4095  
   1   106    29  
1677149713 Thu Feb 23 16:25:12 2023
4095   470  4095  4095  4095  
   1   122    29  
1677149713 Thu Feb 23 16:25:13 2023
4095   447  4095  4095  4095  
   1   102    29  
1677149713 Thu Feb 23 16:25:13 2023
4095   466  4095  4095  4095  
   1    90    29  
1677149714 Thu Feb 23 16:25:14 2023
4095   521  4095  4095  4095  
   1    73    29  
1677149715 Thu Feb 23 16:25:14 2023
4095  4095  4095  4095  4095  
   1    92    29  
1677149715 Thu Feb 23 16:25:15 2023
4095   592  4095  4095  4095  
   1    87    29  
1677149715 Thu Feb 23 16:25:15 2023
4095   485  4095  4095  4095  
   1   103    29  
1677149716 Thu Feb 23 16:25:16 2023
4095   476  4095  4095  4095  
   1   100    29  
1677149717 Thu Feb 23 16:25:16 2023
4095   522  4095  4095  4095  
   1    87    29  
1677149717 Thu Feb 23 16:25:17 2023
4095   465  4095  4095  4095  
   1    79    29  
1677149718 Thu Feb 23 16:25:17 2023
4095   467  4095  4095  4095  
   1    79    29  
1677149718 Thu Feb 23 16:25:18 2023
4095  4095  4095  4095  4095  
   1    81    29  
1677149719 Thu Feb 23 16:25:19 2023
4095   454  4095  4095  4095  
   1   100    29  
1677149720 Thu Feb 23 16:25:20 2023
4095   435  4095  4095  4095  
   1   227    29  
1677149720 Thu Feb 23 16:25:20 2023
4095   447  4095  4095  4095  
   1   147    29  
1677149721 Thu Feb 23 16:25:20 2023
4095   469  4095  4095  4095  
   1   105    29  
1677149721 Thu Feb 23 16:25:21 2023
4095  4095  4095  4095  4095  
   1    96    29  
1677149722 Thu Feb 23 16:25:21 2023
4095   467  4095  4095  4095  
   1   137    29  
1677149723 Thu Feb 23 16:25:23 2023
4095   449  4095  4095  4095  
   1   109    29  
1677149724 Thu Feb 23 16:25:23 2023
4095   459  4095  4095  4095  
   1   119    29  
1677149724 Thu Feb 23 16:25:24 2023
4095  4095  4095  4095  4095  
   1    72    29  
1677149725 Thu Feb 23 16:25:24 2023
4095   480  4095  4095  4095  
   1    81    29  
1677149725 Thu Feb 23 16:25:25 2023
4095   443  4095  4095  4095  
   1    85    29  
1677149725 Thu Feb 23 16:25:25 2023
4095   422  4095  4095  4095  
   1   107    29  
1677149726 Thu Feb 23 16:25:26 2023
4095   476  4095  4095  4095  
   1   105    29  
1677149727 Thu Feb 23 16:25:26 2023
4095   454  4095  4095  4095  
   1    94    29  
1677149727 Thu Feb 23 16:25:27 2023
4095   457  4095  4095  4095  
   1   120    29  
1677149728 Thu Feb 23 16:25:27 2023
4095   500  4095  4095  4095  
   1    99    29  
1677149728 Thu Feb 23 16:25:28 2023
4095  4095  4095  4095  4095  
   1    72    29  
1677149729 Thu Feb 23 16:25:29 2023
4095   453  4095  4095  4095  
   1   136    29  
1677149729 Thu Feb 23 16:25:29 2023
4095   471  4095  4095  4095  
   1    90    29  
1677149730 Thu Feb 23 16:25:29 2023
4095   479  4095  4095  4095  
   1   111    29  
1677149730 Thu Feb 23 16:25:30 2023
4095   451  4095  4095  4095  
   1   129    29  
1677149730 Thu Feb 23 16:25:30 2023
4095   486  4095  4095  4095  
   1    79    29  
1677149731 Thu Feb 23 16:25:31 2023
4095   467  4095  4095  4095  
   1   111    29  
1677149731 Thu Feb 23 16:25:31 2023
4095  4095  4095  4095  4095  
   1    77    29  
1677149733 Thu Feb 23 16:25:33 2023
4095   484  4095  4095  4095  
   1    92    29  
1677149734 Thu Feb 23 16:25:34 2023
4095   442  4095  4095  4095  
   1   121    29  
1677149736 Thu Feb 23 16:25:35 2023
4095   482  4095  4095  4095  
   1   117    29  
1677149736 Thu Feb 23 16:25:36 2023
4095   469  4095  4095  4095  
   1   104    29  
1677149737 Thu Feb 23 16:25:36 2023
4095   475  4095  4095  4095  
   1    84    29  
1677149738 Thu Feb 23 16:25:38 2023
4095  4095  4095  4095  4095  
   1    80    29  
1677149739 Thu Feb 23 16:25:38 2023
4095  4095  4095  4095  4095  
   1    86    29  
1677149739 Thu Feb 23 16:25:39 2023
4095   460  4095  4095  4095  
   1    89    29  
1677149739 Thu Feb 23 16:25:39 2023
4095  4095  4095  4095  4095  
   1    82    29  
1677149739 Thu Feb 23 16:25:39 2023
4095   483  4095  4095  4095  
   1    85    29  
1677149740 Thu Feb 23 16:25:40 2023
4095  4095  4095  4095  4095  
   1    72    29  
1677149741 Thu Feb 23 16:25:40 2023
4095   472  4095  4095  4095  
   1   102    29  
1677149741 Thu Feb 23 16:25:41 2023
4095   436  4095  4095  4095  
   1   102    29  
1677149742 Thu Feb 23 16:25:41 2023
4095   508  4095  4095  4095  
   1    97    29  
1677149743 Thu Feb 23 16:25:42 2023
4095  4095  4095  4095  4095  
   1    73    29  
1677149743 Thu Feb 23 16:25:43 2023
4095   404  4095  4095  4095  
   1   110    29  
1677149743 Thu Feb 23 16:25:43 2023
4095   510  4095  4095  4095  
   1    90    29  
1677149744 Thu Feb 23 16:25:43 2023
4095  4095  4095  4095  4095  
   1    71    29  
1677149744 Thu Feb 23 16:25:44 2023
4095   462  4095  4095  4095  
   1    97    29  
1677149744 Thu Feb 23 16:25:44 2023
4095   475  4095  4095  4095  
   1   105    29  
1677149745 Thu Feb 23 16:25:44 2023
4095   457  4095  4095  4095  
   1   108    29  
1677149745 Thu Feb 23 16:25:45 2023
4095   469  4095  4095  4095  
   1    95    29  
1677149745 Thu Feb 23 16:25:45 2023
4095   464  4095  4095  4095  
   1   118    29  
1677149746 Thu Feb 23 16:25:46 2023
4095   479  4095  4095  4095  
   1   100    29  
1677149746 Thu Feb 23 16:25:46 2023
4095   460  4095  4095  4095  
   1   135    29  
1677149746 Thu Feb 23 16:25:46 2023
4095   472  4095  4095  4095  
   1   101    29  
1677149747 Thu Feb 23 16:25:46 2023
4095   475  4095  4095  4095  
   1   100    29  
1677149747 Thu Feb 23 16:25:47 2023
4095   478  4095  4095  4095  
   1    95    29  
1677149748 Thu Feb 23 16:25:48 2023
4095  4095  4095  4095  4095  
   1    85    29  
1677149749 Thu Feb 23 16:25:49 2023
4095  4095  4095  4095  4095  
   1    75    29  
1677149750 Thu Feb 23 16:25:49 2023
4095   482  4095  4095  4095  
   1    95    29  
1677149751 Thu Feb 23 16:25:51 2023
4095  4095  4095  4095  4095  
   1    75    29  
1677149751 Thu Feb 23 16:25:51 2023
4095   449  4095  4095  4095  
   1   114    29  
1677149752 Thu Feb 23 16:25:51 2023
4095   470  4095  4095  4095  
   1    93    29  
1677149753 Thu Feb 23 16:25:53 2023
4095   465  4095  4095  4095  
   1   110    29  
1677149753 Thu Feb 23 16:25:53 2023
4095  4095  4095  4095  4095  
   1    75    29  
1677149754 Thu Feb 23 16:25:54 2023
4095   470  4095  4095  4095  
   1    97    29  
1677149754 Thu Feb 23 16:25:54 2023
4095   497  4095  4095  4095  
   1    82    29  
1677149755 Thu Feb 23 16:25:54 2023
4095   495  4095  4095  4095  
   1    93    29  
1677149755 Thu Feb 23 16:25:55 2023
4095   459  4095  4095  4095  
   1   100    29  
1677149756 Thu Feb 23 16:25:55 2023
4095   458  4095  4095  4095  
   1   105    29  
1677149756 Thu Feb 23 16:25:56 2023
4095  4095  4095  4095  4095  
   1    71    29  
1677149758 Thu Feb 23 16:25:57 2023
4095   466  4095  4095  4095  
   1   103    29  
1677149758 Thu Feb 23 16:25:58 2023
4095   493  4095  4095  4095  
   1    89    29  
1677149759 Thu Feb 23 16:25:59 2023
4095   483  4095  4095  4095  
   1    91    29  
1677149760 Thu Feb 23 16:25:59 2023
4095  4095  4095  4095  4095  
   1    80    29  
1677149760 Thu Feb 23 16:26:00 2023
4095   479  4095  4095  4095  
   1    92    29  
1677149760 Thu Feb 23 16:26:00 2023
4095   456  4095  4095  4095  
   1   107    29  
1677149761 Thu Feb 23 16:26:01 2023
4095  4095  4095  4095  4095  
   1    75    29  
1677149762 Thu Feb 23 16:26:02 2023
4095   473  4095  4095  4095  
   1   109    29  
1677149762 Thu Feb 23 16:26:02 2023
4095  4095  4095  4095  4095  
   1    81    29  
1677149763 Thu Feb 23 16:26:03 2023
4095   448  4095  4095  4095  
   1   108    29  
1677149764 Thu Feb 23 16:26:04 2023
4095   501  4095  4095  4095  
   1    83    29  
1677149764 Thu Feb 23 16:26:04 2023
4095   460  4095  4095  4095  
   1   119    29  
1677149764 Thu Feb 23 16:26:04 2023
4095   478  4095  4095  4095  
   1   101    29  
1677149765 Thu Feb 23 16:26:05 2023
4095   438  4095  4095  4095  
   1   129    29  
1677149766 Thu Feb 23 16:26:06 2023
4095   463  4095  4095  4095  
   1   116    29  
1677149767 Thu Feb 23 16:26:06 2023
4095   451  4095  4095  4095  
   1   133    29  
1677149768 Thu Feb 23 16:26:07 2023
4095   506  4095  4095  4095  
   1    79    29  
1677149768 Thu Feb 23 16:26:08 2023
4095   443  4095  4095  4095  
   1   129    29  
1677149769 Thu Feb 23 16:26:08 2023
4095  4095  4095  4095  4095  
   1    88    29  
1677149769 Thu Feb 23 16:26:09 2023
4095   466  4095  4095  4095  
   1   119    29  
1677149770 Thu Feb 23 16:26:10 2023
4095   439  4095  4095  4095  
   1    89    29  
1677149771 Thu Feb 23 16:26:10 2023
4095  4095  4095  4095  4095  
   1    81    29  
1677149771 Thu Feb 23 16:26:11 2023
4095   499  4095  4095  4095  
   1    91    29  
1677149772 Thu Feb 23 16:26:11 2023
4095   480  4095  4095  4095  
   1    84    29  
1677149773 Thu Feb 23 16:26:13 2023
4095   442  4095  4095  4095  
   1    98    29  
1677149773 Thu Feb 23 16:26:13 2023
4095   470  4095  4095  4095  
   1    80    29  
1677149774 Thu Feb 23 16:26:13 2023
4095   467  4095  4095  4095  
   1    88    29  
1677149774 Thu Feb 23 16:26:14 2023
4095   462  4095  4095  4095  
   1   182    29  
1677149774 Thu Feb 23 16:26:14 2023
4095   452  4095  4095  4095  
   1    97    29  
1677149775 Thu Feb 23 16:26:15 2023
4095  4095  4095  4095  4095  
   1    88    29  
1677149776 Thu Feb 23 16:26:15 2023
4095   480  4095  4095  4095  
   1    93    29  
1677149777 Thu Feb 23 16:26:17 2023
4095   484  4095  4095  4095  
   1    84    29  
1677149778 Thu Feb 23 16:26:17 2023
4095  4095  4095  4095  4095  
   1    86    29  
1677149778 Thu Feb 23 16:26:18 2023
4095   464  4095  4095  4095  
   1   117    29  
1677149779 Thu Feb 23 16:26:19 2023
4095   481  4095  4095  4095  
   1    96    29  
1677149779 Thu Feb 23 16:26:19 2023
4095   508  4095  4095  4095  
   1    98    29  
1677149779 Thu Feb 23 16:26:19 2023
4095   472  4095  4095  4095  
   1   107    29  
1677149780 Thu Feb 23 16:26:19 2023
4095  4095  4095  4095  4095  
   1    69    29  
1677149780 Thu Feb 23 16:26:20 2023
4095   444  4095  4095  4095  
   1   117    29  
1677149781 Thu Feb 23 16:26:20 2023
4095   474  4095  4095  4095  
   1    92    29  
1677149781 Thu Feb 23 16:26:21 2023
4095   441  4095  4095  4095  
   1   130    29  
1677149782 Thu Feb 23 16:26:22 2023
4095   436  4095  4095  4095  
   1   170    29  
1677149782 Thu Feb 23 16:26:22 2023
4095   455  4095  4095  4095  
   1    99    29  
1677149783 Thu Feb 23 16:26:23 2023
4095  4095  4095  4095  4095  
   1    74    29  
1677149784 Thu Feb 23 16:26:23 2023
4095  4095  4095  4095  4095  
   1    83    29  
1677149784 Thu Feb 23 16:26:24 2023
4095  4095  4095  4095  4095  
   1    90    29  
1677149785 Thu Feb 23 16:26:25 2023
4095  4095  4095  4095  4095  
   1    87    29  
1677149785 Thu Feb 23 16:26:25 2023
4095   459  4095  4095  4095  
   1    81    29  
1677149787 Thu Feb 23 16:26:26 2023
4095   476  4095  4095  4095  
   1   115    29  
1677149788 Thu Feb 23 16:26:27 2023
4095  4095  4095  4095  4095  
   1    66    29  
1677149789 Thu Feb 23 16:26:28 2023
4095   529  4095  4095  4095  
   1    94    29  
1677149789 Thu Feb 23 16:26:29 2023
4095  4095  4095  4095  4095  
   1    76    29  
1677149791 Thu Feb 23 16:26:30 2023
4095   442  4095  4095  4095  
   1   176    29  
1677149792 Thu Feb 23 16:26:31 2023
4095   465  4095  4095  4095  
   1   111    29  
1677149792 Thu Feb 23 16:26:32 2023
4095   439  4095  4095  4095  
   1   163    29  
1677149793 Thu Feb 23 16:26:32 2023
4095  4095  4095  4095  4095  
   1    61    29  
1677149793 Thu Feb 23 16:26:33 2023
4095   432  4095  4095  4095  
   1   146    29  
1677149793 Thu Feb 23 16:26:33 2023
4095  4095  4095  4095  4095  
   1    80    29  
1677149794 Thu Feb 23 16:26:34 2023
4095   496  4095  4095  4095  
   1    90    29  
1677149795 Thu Feb 23 16:26:35 2023
4095   373  4095  4095  4095  
   1   101    29  
1677149795 Thu Feb 23 16:26:35 2023
4095   485  4095  4095  4095  
   1    82    29  
1677149795 Thu Feb 23 16:26:35 2023
4095   442  4095  4095  4095  
   1   160    29  
1677149796 Thu Feb 23 16:26:36 2023
4095   472  4095  4095  4095  
   1   101    29  
1677149796 Thu Feb 23 16:26:36 2023
4095  4095  4095  4095  4095  
   1    76    29  
1677149797 Thu Feb 23 16:26:36 2023
4095   447  4095  4095  4095  
   1   147    29  
1677149797 Thu Feb 23 16:26:37 2023
4095   506  4095  4095  4095  
   1    82    29  
1677149798 Thu Feb 23 16:26:38 2023
4095   466  4095  4095  4095  
   1    82    29  
1677149798 Thu Feb 23 16:26:38 2023
4095  4095  4095  4095  4095  
   1    73    29  
1677149798 Thu Feb 23 16:26:38 2023
4095   456  4095  4095  4095  
   1   120    29  
1677149799 Thu Feb 23 16:26:39 2023
4095   473  4095  4095  4095  
   1    91    29  
1677149800 Thu Feb 23 16:26:39 2023
4095   496  4095  4095  4095  
   1    92    29  
1677149800 Thu Feb 23 16:26:40 2023
4095   466  4095  4095  4095  
   1   120    29  
1677149800 Thu Feb 23 16:26:40 2023
4095   489  4095  4095  4095  
   1    97    29  
1677149800 Thu Feb 23 16:26:40 2023
4095   452  4095  4095  4095  
   1    88    29  
1677149801 Thu Feb 23 16:26:41 2023
4095   460  4095  4095  4095  
   1   114    29  
1677149801 Thu Feb 23 16:26:41 2023
4095   468  4095  4095  4095  
   1   107    29  
1677149802 Thu Feb 23 16:26:42 2023
4095   448  4095  4095  4095  
   1    97    29  
1677149802 Thu Feb 23 16:26:42 2023
4095   473  4095  4095  4095  
   1    98    29  
1677149803 Thu Feb 23 16:26:43 2023
4095   475  4095  4095  4095  
   1    85    29  
1677149803 Thu Feb 23 16:26:43 2023
4095   452  4095  4095  4095  
   1   103    29  
1677149804 Thu Feb 23 16:26:44 2023
4095   457  4095  4095  4095  
   1    99    29  
1677149804 Thu Feb 23 16:26:44 2023
4095   490  4095  4095  4095  
   1    88    29  
