1677152030 Thu Feb 23 17:03:49 2023
4095   418  4095  4095  4095  
   1   245    29  
1677152030 Thu Feb 23 17:03:50 2023
4095   428  4095  4095  4095  
   1   183    29  
1677152031 Thu Feb 23 17:03:50 2023
4095   434  4095  4095  4095  
   1   134    29  
1677152031 Thu Feb 23 17:03:51 2023
4095   432  4095  4095  4095  
   1   164    29  
1677152032 Thu Feb 23 17:03:52 2023
4095   434  4095  4095  4095  
   1   239    29  
1677152033 Thu Feb 23 17:03:53 2023
4095   395  4095  4095  4095  
   1   181    29  
1677152034 Thu Feb 23 17:03:54 2023
4095   427  4095  4095  4095  
   1   258    29  
1677152035 Thu Feb 23 17:03:55 2023
4095   412  4095  4095  4095  
   1   137    29  
1677152036 Thu Feb 23 17:03:56 2023
4095   369  4095  4095  4095  
   1   168    29  
1677152037 Thu Feb 23 17:03:57 2023
4095   418  4095  4095  4095  
   1   239    29  
1677152038 Thu Feb 23 17:03:57 2023
4095   431  4095  4095  4095  
   1   226    29  
1677152038 Thu Feb 23 17:03:58 2023
4095   417  4095  4095  4095  
   1   259    29  
1677152040 Thu Feb 23 17:03:59 2023
4095   426  4095  4095  4095  
   1   208    29  
1677152040 Thu Feb 23 17:04:00 2023
4095   420  4095  4095  4095  
   1   244    29  
1677152040 Thu Feb 23 17:04:00 2023
4095   407  4095  4095  4095  
   1  1159    30  
1677152041 Thu Feb 23 17:04:01 2023
4095   401  4095  4095  4095  
   1   393    29  
1677152042 Thu Feb 23 17:04:01 2023
4095   454  4095  4095  4095  
   1   129    29  
1677152043 Thu Feb 23 17:04:02 2023
4095   438  4095  4095  4095  
   1   189    29  
1677152044 Thu Feb 23 17:04:03 2023
4095   429  4095  4095  4095  
   1   175    29  
1677152044 Thu Feb 23 17:04:04 2023
4095   431  4095  4095  4095  
   1   159    29  
1677152045 Thu Feb 23 17:04:04 2023
4095   437  4095  4095  4095  
   1   160    29  
1677152045 Thu Feb 23 17:04:05 2023
4095   432  4095  4095  4095  
   1   164    29  
1677152045 Thu Feb 23 17:04:05 2023
4095   422  4095  4095  4095  
   1   156    29  
1677152046 Thu Feb 23 17:04:06 2023
4095   416  4095  4095  4095  
   1   173    29  
1677152046 Thu Feb 23 17:04:06 2023
4095   408  4095  4095  4095  
   1   200    29  
1677152047 Thu Feb 23 17:04:06 2023
4095   428  4095  4095  4095  
   1   185    29  
1677152047 Thu Feb 23 17:04:07 2023
4095   418  4095  4095  4095  
   1   210    29  
1677152047 Thu Feb 23 17:04:07 2023
4095   430  4095  4095  4095  
   1   224    29  
1677152048 Thu Feb 23 17:04:07 2023
4095   430  4095  4095  4095  
   1   228    29  
1677152048 Thu Feb 23 17:04:08 2023
4095   423  4095  4095  4095  
   1   141    29  
1677152048 Thu Feb 23 17:04:08 2023
4095   417  4095  4095  4095  
   1   189    29  
1677152049 Thu Feb 23 17:04:09 2023
4095   417  4095  4095  4095  
   1   248    29  
1677152049 Thu Feb 23 17:04:09 2023
4095   405  4095  4095  4095  
   1   252    29  
1677152050 Thu Feb 23 17:04:09 2023
4095   418  4095  4095  4095  
   1   186    29  
1677152050 Thu Feb 23 17:04:10 2023
4095   425  4095  4095  4095  
   1   270    29  
1677152051 Thu Feb 23 17:04:11 2023
4095   433  4095  4095  4095  
   1   148    29  
1677152052 Thu Feb 23 17:04:12 2023
4095   428  4095  4095  4095  
   1   224    29  
1677152052 Thu Feb 23 17:04:12 2023
4095   406  4095  4095  4095  
   1   230    29  
1677152053 Thu Feb 23 17:04:13 2023
4095   430  4095  4095  4095  
   1   196    29  
1677152054 Thu Feb 23 17:04:14 2023
4095   411  4095  4095  4095  
   1   219    29  
1677152055 Thu Feb 23 17:04:15 2023
4095   406  4095  4095  4095  
   1   188    29  
1677152055 Thu Feb 23 17:04:15 2023
4095   411  4095  4095  4095  
   1   195    29  
1677152056 Thu Feb 23 17:04:16 2023
4095   467  4095  4095  4095  
   1   101    29  
1677152057 Thu Feb 23 17:04:17 2023
4095   437  4095  4095  4095  
   1   264    29  
1677152058 Thu Feb 23 17:04:17 2023
4095   427  4095  4095  4095  
   1   166    29  
1677152058 Thu Feb 23 17:04:18 2023
4095   437  4095  4095  4095  
   1   205    29  
1677152059 Thu Feb 23 17:04:19 2023
4095   434  4095  4095  4095  
   1   165    29  
1677152060 Thu Feb 23 17:04:20 2023
4095   428  4095  4095  4095  
   1   191    29  
1677152061 Thu Feb 23 17:04:21 2023
4095   427  4095  4095  4095  
   1   141    29  
1677152062 Thu Feb 23 17:04:21 2023
4095   425  4095  4095  4095  
   1   202    29  
1677152062 Thu Feb 23 17:04:22 2023
4095   431  4095  4095  4095  
   1   191    29  
1677152063 Thu Feb 23 17:04:23 2023
4095   445  4095  4095  4095  
   1   141    29  
1677152064 Thu Feb 23 17:04:24 2023
4095   433  4095  4095  4095  
   1   286    29  
1677152064 Thu Feb 23 17:04:24 2023
4095   434  4095  4095  4095  
   1   171    29  
1677152065 Thu Feb 23 17:04:24 2023
4095   439  4095  4095  4095  
   1   161    29  
1677152066 Thu Feb 23 17:04:26 2023
4095   436  4095  4095  4095  
   1   386    29  
1677152067 Thu Feb 23 17:04:27 2023
4095   407  4095  4095  4095  
   1   169    29  
1677152068 Thu Feb 23 17:04:28 2023
4095   420  4095  4095  4095  
   1   145    29  
1677152069 Thu Feb 23 17:04:29 2023
4095   430  4095  4095  4095  
   1   187    29  
1677152070 Thu Feb 23 17:04:30 2023
4095   425  4095  4095  4095  
   1   185    29  
1677152070 Thu Feb 23 17:04:30 2023
4095   437  4095  4095  4095  
   1   143    29  
1677152070 Thu Feb 23 17:04:30 2023
4095   429  4095  4095  4095  
   1   333    29  
1677152071 Thu Feb 23 17:04:31 2023
4095   411  4095  4095  4095  
   1   172    29  
1677152071 Thu Feb 23 17:04:31 2023
4095   436  4095  4095  4095  
   1   271    29  
1677152074 Thu Feb 23 17:04:33 2023
4095   429  4095  4095  4095  
   1   161    29  
1677152074 Thu Feb 23 17:04:34 2023
4095   415  4095  4095  4095  
   1   403    29  
1677152075 Thu Feb 23 17:04:35 2023
4095   417  4095  4095  4095  
   1   174    29  
1677152077 Thu Feb 23 17:04:36 2023
4095   424  4095  4095  4095  
   1   154    29  
1677152077 Thu Feb 23 17:04:37 2023
4095   427  4095  4095  4095  
   1   213    29  
1677152078 Thu Feb 23 17:04:37 2023
4095   426  4095  4095  4095  
   1   149    29  
1677152078 Thu Feb 23 17:04:38 2023
4095   417  4095  4095  4095  
   1   547    29  
1677152079 Thu Feb 23 17:04:39 2023
4095   425  4095  4095  4095  
   1   185    29  
1677152080 Thu Feb 23 17:04:39 2023
4095   411  4095  4095  4095  
   1   225    29  
1677152082 Thu Feb 23 17:04:41 2023
4095   436  4095  4095  4095  
   1   256    29  
1677152082 Thu Feb 23 17:04:42 2023
4095   422  4095  4095  4095  
   1   148    29  
1677152083 Thu Feb 23 17:04:43 2023
4095   437  4095  4095  4095  
   1   113    29  
1677152083 Thu Feb 23 17:04:43 2023
4095   433  4095  4095  4095  
   1   139    29  
1677152084 Thu Feb 23 17:04:43 2023
4095   428  4095  4095  4095  
   1   187    29  
1677152084 Thu Feb 23 17:04:44 2023
4095   413  4095  4095  4095  
   1   199    29  
1677152085 Thu Feb 23 17:04:44 2023
4095   407  4095  4095  4095  
   1   206    29  
1677152085 Thu Feb 23 17:04:45 2023
4095   443  4095  4095  4095  
   1   157    29  
1677152086 Thu Feb 23 17:04:45 2023
4095   434  4095  4095  4095  
   1   329    29  
1677152086 Thu Feb 23 17:04:46 2023
4095   424  4095  4095  4095  
   1   191    29  
1677152087 Thu Feb 23 17:04:47 2023
4095   421  4095  4095  4095  
   1   161    29  
1677152088 Thu Feb 23 17:04:48 2023
4095   429  4095  4095  4095  
   1   166    29  
1677152089 Thu Feb 23 17:04:49 2023
4095   430  4095  4095  4095  
   1   211    29  
1677152089 Thu Feb 23 17:04:49 2023
4095   417  4095  4095  4095  
   1   283    29  
1677152091 Thu Feb 23 17:04:51 2023
4095   435  4095  4095  4095  
   1   198    29  
1677152091 Thu Feb 23 17:04:51 2023
4095   432  4095  4095  4095  
   1   190    29  
1677152091 Thu Feb 23 17:04:51 2023
4095   426  4095  4095  4095  
   1   190    29  
1677152092 Thu Feb 23 17:04:51 2023
4095   441  4095  4095  4095  
   1   139    29  
1677152094 Thu Feb 23 17:04:53 2023
4095   432  4095  4095  4095  
   1   166    29  
1677152094 Thu Feb 23 17:04:54 2023
4095   416  4095  4095  4095  
   1   244    29  
1677152094 Thu Feb 23 17:04:54 2023
4095   426  4095  4095  4095  
   1   187    29  
1677152094 Thu Feb 23 17:04:54 2023
4095   427  4095  4095  4095  
   1   236    29  
1677152095 Thu Feb 23 17:04:55 2023
4095   410  4095  4095  4095  
   1   185    29  
1677152096 Thu Feb 23 17:04:55 2023
4095   411  4095  4095  4095  
   1   170    29  
1677152096 Thu Feb 23 17:04:56 2023
4095   418  4095  4095  4095  
   1   226    29  
1677152097 Thu Feb 23 17:04:56 2023
4095   430  4095  4095  4095  
   1   223    29  
1677152097 Thu Feb 23 17:04:57 2023
4095   415  4095  4095  4095  
   1   154    29  
1677152098 Thu Feb 23 17:04:57 2023
4095  4095  4095  4095  4095  
   1    50    29  
1677152098 Thu Feb 23 17:04:58 2023
4095   438  4095  4095  4095  
   1   179    29  
1677152098 Thu Feb 23 17:04:58 2023
4095   428  4095  4095  4095  
   1   162    29  
1677152099 Thu Feb 23 17:04:59 2023
4095   431  4095  4095  4095  
   1   173    29  
1677152099 Thu Feb 23 17:04:59 2023
4095   410  4095  4095  4095  
   1   245    29  
1677152101 Thu Feb 23 17:05:00 2023
4095   420  4095  4095  4095  
   1   214    29  
1677152101 Thu Feb 23 17:05:01 2023
4095   405  4095  4095  4095  
   1   188    29  
1677152102 Thu Feb 23 17:05:02 2023
4095   422  4095  4095  4095  
   1   203    29  
1677152102 Thu Feb 23 17:05:02 2023
4095   434  4095  4095  4095  
   1   187    29  
1677152103 Thu Feb 23 17:05:03 2023
4095   421  4095  4095  4095  
   1   186    29  
1677152104 Thu Feb 23 17:05:04 2023
4095   414  4095  4095  4095  
   1   304    29  
1677152105 Thu Feb 23 17:05:04 2023
4095   439  4095  4095  4095  
   1   151    29  
1677152105 Thu Feb 23 17:05:05 2023
4095   420  4095  4095  4095  
   1   260    29  
1677152106 Thu Feb 23 17:05:06 2023
4095   437  4095  4095  4095  
   1   202    29  
1677152106 Thu Feb 23 17:05:06 2023
4095   413  4095  4095  4095  
   1   246    29  
1677152107 Thu Feb 23 17:05:07 2023
4095   426  4095  4095  4095  
   1   180    29  
1677152107 Thu Feb 23 17:05:07 2023
4095   420  4095  4095  4095  
   1   280    29  
1677152108 Thu Feb 23 17:05:07 2023
4095   425  4095  4095  4095  
   1   185    29  
1677152108 Thu Feb 23 17:05:08 2023
4095   432  4095  4095  4095  
   1   248    29  
1677152109 Thu Feb 23 17:05:09 2023
4095   416  4095  4095  4095  
   1   195    29  
1677152109 Thu Feb 23 17:05:09 2023
4095   427  4095  4095  4095  
   1   152    29  
1677152110 Thu Feb 23 17:05:10 2023
4095   416  4095  4095  4095  
   1   194    29  
1677152110 Thu Feb 23 17:05:10 2023
4095   431  4095  4095  4095  
   1   159    29  
1677152111 Thu Feb 23 17:05:10 2023
4095   445  4095  4095  4095  
   1   182    29  
1677152111 Thu Feb 23 17:05:11 2023
4095   419  4095  4095  4095  
   1   357    29  
1677152111 Thu Feb 23 17:05:11 2023
4095   420  4095  4095  4095  
   1   252    29  
1677152111 Thu Feb 23 17:05:11 2023
4095   430  4095  4095  4095  
   1   201    29  
1677152111 Thu Feb 23 17:05:11 2023
4095   434  4095  4095  4095  
   1   131    29  
1677152112 Thu Feb 23 17:05:11 2023
4095   408  4095  4095  4095  
   1   185    29  
1677152112 Thu Feb 23 17:05:12 2023
4095   406  4095  4095  4095  
   1   165    29  
1677152113 Thu Feb 23 17:05:12 2023
4095   421  4095  4095  4095  
   1   158    29  
1677152113 Thu Feb 23 17:05:13 2023
4095   430  4095  4095  4095  
   1   196    29  
1677152114 Thu Feb 23 17:05:14 2023
4095   438  4095  4095  4095  
   1   186    29  
1677152114 Thu Feb 23 17:05:14 2023
4095   435  4095  4095  4095  
   1   101    29  
1677152115 Thu Feb 23 17:05:15 2023
4095   412  4095  4095  4095  
   1   386    29  
1677152116 Thu Feb 23 17:05:16 2023
4095   426  4095  4095  4095  
   1   108    29  
1677152117 Thu Feb 23 17:05:17 2023
4095   409  4095  4095  4095  
   1   199    29  
1677152117 Thu Feb 23 17:05:17 2023
4095   423  4095  4095  4095  
   1   199    29  
1677152117 Thu Feb 23 17:05:17 2023
4095   432  4095  4095  4095  
   1   271    29  
1677152118 Thu Feb 23 17:05:18 2023
4095   422  4095  4095  4095  
   1   144    29  
1677152118 Thu Feb 23 17:05:18 2023
4095   409  4095  4095  4095  
   1   155    29  
1677152118 Thu Feb 23 17:05:18 2023
4095   422  4095  4095  4095  
   1   190    29  
1677152119 Thu Feb 23 17:05:18 2023
4095   391  4095  4095  4095  
   1   226    29  
1677152119 Thu Feb 23 17:05:19 2023
4095   422  4095  4095  4095  
   1   245    29  
1677152120 Thu Feb 23 17:05:20 2023
4095   438  4095  4095  4095  
   1   213    29  
1677152122 Thu Feb 23 17:05:22 2023
4095   436  4095  4095  4095  
   1   239    29  
1677152123 Thu Feb 23 17:05:23 2023
4095   415  4095  4095  4095  
   1   196    29  
1677152124 Thu Feb 23 17:05:23 2023
4095   445  4095  4095  4095  
   1   137    29  
1677152124 Thu Feb 23 17:05:24 2023
4095   395  4095  4095  4095  
   1   180    29  
1677152125 Thu Feb 23 17:05:24 2023
4095   421  4095  4095  4095  
   1   165    29  
1677152125 Thu Feb 23 17:05:25 2023
4095   425  4095  4095  4095  
   1   206    29  
1677152125 Thu Feb 23 17:05:25 2023
4095   429  4095  4095  4095  
   1   169    29  
1677152126 Thu Feb 23 17:05:25 2023
4095   435  4095  4095  4095  
   1   236    29  
1677152126 Thu Feb 23 17:05:26 2023
4095   442  4095  4095  4095  
   1   211    29  
1677152126 Thu Feb 23 17:05:26 2023
4095   429  4095  4095  4095  
   1   222    29  
1677152127 Thu Feb 23 17:05:27 2023
4095   435  4095  4095  4095  
   1   167    29  
1677152127 Thu Feb 23 17:05:27 2023
4095   426  4095  4095  4095  
   1   196    29  
1677152128 Thu Feb 23 17:05:27 2023
4095   434  4095  4095  4095  
   1   153    29  
1677152128 Thu Feb 23 17:05:28 2023
4095   422  4095  4095  4095  
   1   174    29  
1677152129 Thu Feb 23 17:05:28 2023
4095   406  4095  4095  4095  
   1  1159    29  
1677152129 Thu Feb 23 17:05:29 2023
4095   418  4095  4095  4095  
   1   299    29  
1677152130 Thu Feb 23 17:05:30 2023
4095   409  4095  4095  4095  
   1   270    29  
1677152131 Thu Feb 23 17:05:30 2023
4095   420  4095  4095  4095  
   1   127    29  
1677152131 Thu Feb 23 17:05:31 2023
4095   416  4095  4095  4095  
   1   205    29  
1677152131 Thu Feb 23 17:05:31 2023
4095   426  4095  4095  4095  
   1   230    29  
1677152131 Thu Feb 23 17:05:31 2023
4095   428  4095  4095  4095  
   1   131    29  
1677152132 Thu Feb 23 17:05:32 2023
4095   423  4095  4095  4095  
   1   190    29  
1677152133 Thu Feb 23 17:05:32 2023
4095   429  4095  4095  4095  
   1   147    29  
1677152133 Thu Feb 23 17:05:33 2023
4095   432  4095  4095  4095  
   1   165    29  
1677152134 Thu Feb 23 17:05:34 2023
4095   424  4095  4095  4095  
   1   327    29  
1677152135 Thu Feb 23 17:05:34 2023
4095   435  4095  4095  4095  
   1   162    29  
1677152136 Thu Feb 23 17:05:36 2023
4095   442  4095  4095  4095  
   1   150    29  
1677152136 Thu Feb 23 17:05:36 2023
4095   437  4095  4095  4095  
   1   170    29  
1677152136 Thu Feb 23 17:05:36 2023
4095   433  4095  4095  4095  
   1   177    29  
1677152136 Thu Feb 23 17:05:36 2023
4095   423  4095  4095  4095  
   1   155    29  
1677152137 Thu Feb 23 17:05:36 2023
4095   415  4095  4095  4095  
   1   269    29  
1677152137 Thu Feb 23 17:05:37 2023
4095   428  4095  4095  4095  
   1   201    29  
1677152138 Thu Feb 23 17:05:37 2023
4095   425  4095  4095  4095  
   1   343    29  
1677152139 Thu Feb 23 17:05:38 2023
4095   434  4095  4095  4095  
   1   199    29  
1677152139 Thu Feb 23 17:05:39 2023
4095   410  4095  4095  4095  
   1   226    29  
1677152140 Thu Feb 23 17:05:39 2023
4095   422  4095  4095  4095  
   1   322    29  
1677152141 Thu Feb 23 17:05:40 2023
4095   417  4095  4095  4095  
   1   147    29  
1677152141 Thu Feb 23 17:05:41 2023
4095   421  4095  4095  4095  
   1   195    29  
1677152141 Thu Feb 23 17:05:41 2023
4095   449  4095  4095  4095  
   1   115    29  
1677152142 Thu Feb 23 17:05:42 2023
4095   426  4095  4095  4095  
   1   212    29  
1677152142 Thu Feb 23 17:05:42 2023
4095   410  4095  4095  4095  
   1   208    29  
1677152143 Thu Feb 23 17:05:42 2023
4095   432  4095  4095  4095  
   1   116    29  
1677152143 Thu Feb 23 17:05:43 2023
4095   428  4095  4095  4095  
   1   321    29  
1677152144 Thu Feb 23 17:05:43 2023
4095   434  4095  4095  4095  
   1   219    29  
1677152144 Thu Feb 23 17:05:44 2023
4095   415  4095  4095  4095  
   1   187    29  
1677152144 Thu Feb 23 17:05:44 2023
4095   437  4095  4095  4095  
   1   179    29  
1677152145 Thu Feb 23 17:05:45 2023
4095   413  4095  4095  4095  
   1   214    29  
1677152146 Thu Feb 23 17:05:46 2023
4095   412  4095  4095  4095  
   1   205    29  
1677152147 Thu Feb 23 17:05:46 2023
4095   452  4095  4095  4095  
   1   134    29  
1677152147 Thu Feb 23 17:05:47 2023
4095   429  4095  4095  4095  
   1   210    29  
1677152147 Thu Feb 23 17:05:47 2023
4095   443  4095  4095  4095  
   1   111    29  
1677152148 Thu Feb 23 17:05:48 2023
4095   438  4095  4095  4095  
   1   187    29  
1677152148 Thu Feb 23 17:05:48 2023
4095   423  4095  4095  4095  
   1   239    29  
1677152149 Thu Feb 23 17:05:49 2023
4095  4095  4095  4095  4095  
   1    44    29  
1677152149 Thu Feb 23 17:05:49 2023
4095   435  4095  4095  4095  
   1   173    29  
1677152150 Thu Feb 23 17:05:49 2023
4095   434  4095  4095  4095  
   1   248    29  
1677152151 Thu Feb 23 17:05:50 2023
4095   433  4095  4095  4095  
   1   222    29  
1677152152 Thu Feb 23 17:05:51 2023
4095   442  4095  4095  4095  
   1   160    29  
1677152152 Thu Feb 23 17:05:52 2023
4095   415  4095  4095  4095  
   1   298    29  
1677152154 Thu Feb 23 17:05:54 2023
4095   429  4095  4095  4095  
   1   127    29  
1677152155 Thu Feb 23 17:05:54 2023
4095   427  4095  4095  4095  
   1   235    29  
1677152155 Thu Feb 23 17:05:55 2023
4095   420  4095  4095  4095  
   1   122    29  
1677152157 Thu Feb 23 17:05:57 2023
4095   413  4095  4095  4095  
   1   176    29  
1677152158 Thu Feb 23 17:05:58 2023
4095   430  4095  4095  4095  
   1   150    29  
1677152158 Thu Feb 23 17:05:58 2023
4095   407  4095  4095  4095  
   1   350    29  
1677152159 Thu Feb 23 17:05:59 2023
4095   423  4095  4095  4095  
   1   188    29  
1677152159 Thu Feb 23 17:05:59 2023
4095   422  4095  4095  4095  
   1   192    29  
1677152161 Thu Feb 23 17:06:01 2023
4095   426  4095  4095  4095  
   1   196    29  
1677152161 Thu Feb 23 17:06:01 2023
4095   429  4095  4095  4095  
   1   180    29  
1677152162 Thu Feb 23 17:06:02 2023
4095   413  4095  4095  4095  
   1   230    29  
1677152163 Thu Feb 23 17:06:03 2023
4095   422  4095  4095  4095  
   1   296    29  
1677152164 Thu Feb 23 17:06:03 2023
4095   417  4095  4095  4095  
   1   243    29  
1677152164 Thu Feb 23 17:06:04 2023
4095   410  4095  4095  4095  
   1   642    29  
1677152166 Thu Feb 23 17:06:06 2023
4095   425  4095  4095  4095  
   1   244    29  
1677152167 Thu Feb 23 17:06:07 2023
4095   410  4095  4095  4095  
   1   164    29  
1677152168 Thu Feb 23 17:06:07 2023
4095   423  4095  4095  4095  
   1   339    29  
1677152168 Thu Feb 23 17:06:08 2023
4095   440  4095  4095  4095  
   1   183    29  
1677152169 Thu Feb 23 17:06:08 2023
4095   444  4095  4095  4095  
   1   124    29  
1677152169 Thu Feb 23 17:06:09 2023
4095   430  4095  4095  4095  
   1   223    29  
1677152169 Thu Feb 23 17:06:09 2023
4095   377  4095  4095  4095  
   1   230    29  
1677152170 Thu Feb 23 17:06:10 2023
4095   412  4095  4095  4095  
   1   158    29  
1677152171 Thu Feb 23 17:06:10 2023
4095   425  4095  4095  4095  
   1   250    29  
1677152171 Thu Feb 23 17:06:11 2023
4095   396  4095  4095  4095  
   1   449    29  
1677152172 Thu Feb 23 17:06:12 2023
4095   431  4095  4095  4095  
   1   357    29  
1677152173 Thu Feb 23 17:06:13 2023
4095   419  4095  4095  4095  
   1   168    29  
1677152173 Thu Feb 23 17:06:13 2023
4095   421  4095  4095  4095  
   1   200    29  
1677152174 Thu Feb 23 17:06:14 2023
4095   419  4095  4095  4095  
   1   151    29  
1677152176 Thu Feb 23 17:06:15 2023
4095   429  4095  4095  4095  
   1   216    29  
1677152176 Thu Feb 23 17:06:16 2023
4095   435  4095  4095  4095  
   1   174    29  
1677152176 Thu Feb 23 17:06:16 2023
4095   429  4095  4095  4095  
   1   207    29  
1677152177 Thu Feb 23 17:06:16 2023
4095   429  4095  4095  4095  
   1   193    29  
1677152180 Thu Feb 23 17:06:20 2023
4095   441  4095  4095  4095  
   1   154    29  
1677152181 Thu Feb 23 17:06:20 2023
4095   394  4095  4095  4095  
   1   166    29  
1677152181 Thu Feb 23 17:06:21 2023
4095   427  4095  4095  4095  
   1   188    29  
1677152183 Thu Feb 23 17:06:22 2023
4095   408  4095  4095  4095  
   1   233    29  
1677152183 Thu Feb 23 17:06:23 2023
4095   440  4095  4095  4095  
   1   157    29  
1677152184 Thu Feb 23 17:06:24 2023
4095   426  4095  4095  4095  
   1   243    29  
1677152185 Thu Feb 23 17:06:25 2023
4095   428  4095  4095  4095  
   1   198    29  
1677152186 Thu Feb 23 17:06:25 2023
4095   422  4095  4095  4095  
   1   172    29  
1677152186 Thu Feb 23 17:06:26 2023
4095   427  4095  4095  4095  
   1   198    29  
1677152187 Thu Feb 23 17:06:26 2023
4095   435  4095  4095  4095  
   1   134    29  
1677152187 Thu Feb 23 17:06:27 2023
4095   440  4095  4095  4095  
   1   138    29  
1677152187 Thu Feb 23 17:06:27 2023
4095   421  4095  4095  4095  
   1   250    29  
1677152188 Thu Feb 23 17:06:27 2023
4095   437  4095  4095  4095  
   1   179    29  
1677152188 Thu Feb 23 17:06:28 2023
4095   391  4095  4095  4095  
   1   504    29  
1677152189 Thu Feb 23 17:06:29 2023
4095   428  4095  4095  4095  
   1   294    29  
1677152190 Thu Feb 23 17:06:29 2023
4095   422  4095  4095  4095  
   1   178    29  
1677152190 Thu Feb 23 17:06:30 2023
4095   443  4095  4095  4095  
   1   117    29  
1677152191 Thu Feb 23 17:06:31 2023
4095   430  4095  4095  4095  
   1   449    29  
1677152192 Thu Feb 23 17:06:31 2023
4095   434  4095  4095  4095  
   1   153    29  
1677152192 Thu Feb 23 17:06:32 2023
4095   437  4095  4095  4095  
   1   157    29  
1677152193 Thu Feb 23 17:06:32 2023
4095   417  4095  4095  4095  
   1   401    29  
1677152193 Thu Feb 23 17:06:33 2023
4095   440  4095  4095  4095  
   1   196    29  
1677152194 Thu Feb 23 17:06:34 2023
4095   420  4095  4095  4095  
   1   191    29  
1677152195 Thu Feb 23 17:06:34 2023
4095   426  4095  4095  4095  
   1   249    29  
1677152196 Thu Feb 23 17:06:35 2023
4095  4095  4095  4095  4095  
   1    82    29  
1677152197 Thu Feb 23 17:06:36 2023
4095   429  4095  4095  4095  
   1   151    29  
1677152197 Thu Feb 23 17:06:37 2023
4095   444  4095  4095  4095  
   1   161    29  
1677152198 Thu Feb 23 17:06:37 2023
4095   429  4095  4095  4095  
   1   270    29  
1677152198 Thu Feb 23 17:06:38 2023
4095   430  4095  4095  4095  
   1   176    29  
1677152199 Thu Feb 23 17:06:38 2023
4095   423  4095  4095  4095  
   1   218    29  
1677152200 Thu Feb 23 17:06:40 2023
4095   426  4095  4095  4095  
   1   260    29  
1677152200 Thu Feb 23 17:06:40 2023
4095   430  4095  4095  4095  
   1   172    29  
1677152201 Thu Feb 23 17:06:40 2023
4095   427  4095  4095  4095  
   1   222    29  
1677152201 Thu Feb 23 17:06:41 2023
4095   421  4095  4095  4095  
   1   215    29  
1677152201 Thu Feb 23 17:06:41 2023
4095   420  4095  4095  4095  
   1   347    29  
1677152202 Thu Feb 23 17:06:42 2023
4095   422  4095  4095  4095  
   1   313    29  
1677152203 Thu Feb 23 17:06:42 2023
4095   422  4095  4095  4095  
   1   157    29  
1677152203 Thu Feb 23 17:06:43 2023
4095   439  4095  4095  4095  
   1   136    29  
1677152204 Thu Feb 23 17:06:44 2023
4095   431  4095  4095  4095  
   1   137    29  
1677152205 Thu Feb 23 17:06:45 2023
4095   414  4095  4095  4095  
   1   199    29  
1677152206 Thu Feb 23 17:06:45 2023
4095   415  4095  4095  4095  
   1   269    29  
1677152206 Thu Feb 23 17:06:46 2023
4095   420  4095  4095  4095  
   1   330    29  
1677152206 Thu Feb 23 17:06:46 2023
4095   421  4095  4095  4095  
   1   171    29  
1677152207 Thu Feb 23 17:06:47 2023
4095  4095  4095  4095  4095  
   1    71    29  
1677152208 Thu Feb 23 17:06:48 2023
4095   391  4095  4095  4095  
   1   262    29  
1677152208 Thu Feb 23 17:06:48 2023
4095   418  4095  4095  4095  
   1   360    29  
1677152209 Thu Feb 23 17:06:49 2023
4095   424  4095  4095  4095  
   1   228    29  
1677152209 Thu Feb 23 17:06:49 2023
4095   423  4095  4095  4095  
   1   157    29  
1677152210 Thu Feb 23 17:06:49 2023
4095   427  4095  4095  4095  
   1   130    29  
1677152210 Thu Feb 23 17:06:50 2023
4095   428  4095  4095  4095  
   1   170    29  
1677152210 Thu Feb 23 17:06:50 2023
4095   422  4095  4095  4095  
   1   196    29  
1677152211 Thu Feb 23 17:06:50 2023
4095   419  4095  4095  4095  
   1   213    29  
1677152212 Thu Feb 23 17:06:52 2023
4095   450  4095  4095  4095  
   1    99    29  
1677152213 Thu Feb 23 17:06:52 2023
4095   409  4095  4095  4095  
   1   228    29  
1677152213 Thu Feb 23 17:06:53 2023
4095   431  4095  4095  4095  
   1   246    29  
1677152213 Thu Feb 23 17:06:53 2023
4095   418  4095  4095  4095  
   1   332    29  
1677152214 Thu Feb 23 17:06:53 2023
4095   424  4095  4095  4095  
   1   190    29  
1677152214 Thu Feb 23 17:06:54 2023
4095   423  4095  4095  4095  
   1   266    29  
1677152215 Thu Feb 23 17:06:55 2023
4095   425  4095  4095  4095  
   1   252    29  
1677152216 Thu Feb 23 17:06:55 2023
4095   419  4095  4095  4095  
   1   247    29  
1677152216 Thu Feb 23 17:06:56 2023
4095   410  4095  4095  4095  
   1   291    29  
1677152216 Thu Feb 23 17:06:56 2023
4095   420  4095  4095  4095  
   1   175    29  
1677152217 Thu Feb 23 17:06:56 2023
4095   423  4095  4095  4095  
   1   159    29  
1677152217 Thu Feb 23 17:06:57 2023
4095   414  4095  4095  4095  
   1   184    29  
1677152217 Thu Feb 23 17:06:57 2023
4095   415  4095  4095  4095  
   1   225    29  
1677152218 Thu Feb 23 17:06:57 2023
4095   409  4095  4095  4095  
   1   141    29  
1677152218 Thu Feb 23 17:06:58 2023
4095   435  4095  4095  4095  
   1   174    29  
1677152218 Thu Feb 23 17:06:58 2023
4095   430  4095  4095  4095  
   1   162    29  
1677152219 Thu Feb 23 17:06:59 2023
4095   373  4095  4095  4095  
   1   193    29  
1677152219 Thu Feb 23 17:06:59 2023
4095   428  4095  4095  4095  
   1   208    29  
1677152219 Thu Feb 23 17:06:59 2023
4095   420  4095  4095  4095  
   1   147    29  
1677152220 Thu Feb 23 17:07:00 2023
4095   426  4095  4095  4095  
   1   190    29  
1677152220 Thu Feb 23 17:07:00 2023
4095   441  4095  4095  4095  
   1   187    29  
1677152220 Thu Feb 23 17:07:00 2023
4095   404  4095  4095  4095  
   1   231    29  
1677152221 Thu Feb 23 17:07:01 2023
4095   414  4095  4095  4095  
   1   174    29  
1677152221 Thu Feb 23 17:07:01 2023
4095   412  4095  4095  4095  
   1   265    29  
1677152222 Thu Feb 23 17:07:01 2023
4095   438  4095  4095  4095  
   1   101    29  
1677152223 Thu Feb 23 17:07:02 2023
4095   440  4095  4095  4095  
   1   165    29  
1677152223 Thu Feb 23 17:07:03 2023
4095   428  4095  4095  4095  
   1   140    29  
1677152223 Thu Feb 23 17:07:03 2023
4095   423  4095  4095  4095  
   1   299    29  
1677152226 Thu Feb 23 17:07:05 2023
4095   443  4095  4095  4095  
   1   224    29  
1677152226 Thu Feb 23 17:07:06 2023
4095   427  4095  4095  4095  
   1   221    29  
1677152226 Thu Feb 23 17:07:06 2023
4095   433  4095  4095  4095  
   1   178    29  
1677152227 Thu Feb 23 17:07:07 2023
4095   431  4095  4095  4095  
   1   208    29  
1677152228 Thu Feb 23 17:07:08 2023
4095   409  4095  4095  4095  
   1   228    29  
1677152229 Thu Feb 23 17:07:08 2023
4095   429  4095  4095  4095  
   1   154    29  
1677152229 Thu Feb 23 17:07:09 2023
4095   439  4095  4095  4095  
   1   181    29  
1677152229 Thu Feb 23 17:07:09 2023
4095   427  4095  4095  4095  
   1   165    29  
1677152230 Thu Feb 23 17:07:10 2023
4095   417  4095  4095  4095  
   1   180    29  
1677152232 Thu Feb 23 17:07:11 2023
4095   434  4095  4095  4095  
   1   111    29  
1677152232 Thu Feb 23 17:07:12 2023
4095   431  4095  4095  4095  
   1   194    29  
1677152232 Thu Feb 23 17:07:12 2023
4095   434  4095  4095  4095  
   1   211    29  
1677152233 Thu Feb 23 17:07:12 2023
4095   428  4095  4095  4095  
   1   138    29  
1677152233 Thu Feb 23 17:07:13 2023
4095   426  4095  4095  4095  
   1   249    29  
1677152234 Thu Feb 23 17:07:13 2023
4095   436  4095  4095  4095  
   1   161    29  
1677152235 Thu Feb 23 17:07:15 2023
4095   430  4095  4095  4095  
   1   179    29  
1677152235 Thu Feb 23 17:07:15 2023
4095   435  4095  4095  4095  
   1   131    29  
1677152236 Thu Feb 23 17:07:16 2023
4095   396  4095  4095  4095  
   1   131    29  
1677152236 Thu Feb 23 17:07:16 2023
4095   419  4095  4095  4095  
   1   349    29  
1677152237 Thu Feb 23 17:07:17 2023
4095   420  4095  4095  4095  
   1   205    29  
1677152238 Thu Feb 23 17:07:17 2023
4095   430  4095  4095  4095  
   1   163    29  
1677152238 Thu Feb 23 17:07:18 2023
4095   419  4095  4095  4095  
   1   203    29  
1677152239 Thu Feb 23 17:07:18 2023
4095   428  4095  4095  4095  
   1   141    29  
1677152239 Thu Feb 23 17:07:19 2023
4095   431  4095  4095  4095  
   1   155    29  
1677152240 Thu Feb 23 17:07:19 2023
4095   411  4095  4095  4095  
   1   261    29  
1677152240 Thu Feb 23 17:07:20 2023
4095   422  4095  4095  4095  
   1   262    29  
1677152242 Thu Feb 23 17:07:21 2023
4095   425  4095  4095  4095  
   1   177    29  
1677152242 Thu Feb 23 17:07:22 2023
4095   404  4095  4095  4095  
   1   128    29  
1677152242 Thu Feb 23 17:07:22 2023
4095   433  4095  4095  4095  
   1   142    29  
1677152243 Thu Feb 23 17:07:23 2023
4095   431  4095  4095  4095  
   1   139    29  
1677152244 Thu Feb 23 17:07:24 2023
4095   463  4095  4095  4095  
   1   116    29  
1677152245 Thu Feb 23 17:07:24 2023
4095   429  4095  4095  4095  
   1   169    29  
1677152245 Thu Feb 23 17:07:25 2023
4095   435  4095  4095  4095  
   1   243    29  
1677152245 Thu Feb 23 17:07:25 2023
4095   436  4095  4095  4095  
   1   148    29  
1677152246 Thu Feb 23 17:07:26 2023
4095   430  4095  4095  4095  
   1   209    29  
1677152247 Thu Feb 23 17:07:27 2023
4095   414  4095  4095  4095  
   1   261    29  
1677152248 Thu Feb 23 17:07:27 2023
4095   398  4095  4095  4095  
   1   248    29  
1677152249 Thu Feb 23 17:07:29 2023
4095   423  4095  4095  4095  
   1   193    29  
1677152249 Thu Feb 23 17:07:29 2023
4095   437  4095  4095  4095  
   1   188    29  
1677152250 Thu Feb 23 17:07:30 2023
4095   415  4095  4095  4095  
   1   157    29  
1677152250 Thu Feb 23 17:07:30 2023
4095   417  4095  4095  4095  
   1   157    29  
1677152251 Thu Feb 23 17:07:30 2023
4095   419  4095  4095  4095  
   1   225    29  
1677152251 Thu Feb 23 17:07:31 2023
4095   438  4095  4095  4095  
   1   235    29  
1677152251 Thu Feb 23 17:07:31 2023
4095   388  4095  4095  4095  
   1   185    29  
1677152252 Thu Feb 23 17:07:32 2023
4095   435  4095  4095  4095  
   1   229    29  
1677152252 Thu Feb 23 17:07:32 2023
4095   413  4095  4095  4095  
   1   415    29  
1677152253 Thu Feb 23 17:07:32 2023
4095   418  4095  4095  4095  
   1   219    29  
1677152253 Thu Feb 23 17:07:33 2023
4095   437  4095  4095  4095  
   1   160    29  
1677152253 Thu Feb 23 17:07:33 2023
4095   437  4095  4095  4095  
   1   159    29  
1677152253 Thu Feb 23 17:07:33 2023
4095   404  4095  4095  4095  
   1   157    29  
1677152254 Thu Feb 23 17:07:34 2023
4095   429  4095  4095  4095  
   1   201    29  
1677152254 Thu Feb 23 17:07:34 2023
4095   409  4095  4095  4095  
   1   194    29  
1677152254 Thu Feb 23 17:07:34 2023
4095   428  4095  4095  4095  
   1   270    29  
1677152254 Thu Feb 23 17:07:34 2023
4095   434  4095  4095  4095  
   1   217    29  
1677152255 Thu Feb 23 17:07:35 2023
4095   436  4095  4095  4095  
   1   146    29  
1677152257 Thu Feb 23 17:07:37 2023
4095   409  4095  4095  4095  
   1   223    29  
1677152257 Thu Feb 23 17:07:37 2023
4095   424  4095  4095  4095  
   1   184    29  
1677152258 Thu Feb 23 17:07:38 2023
4095   418  4095  4095  4095  
   1   248    29  
1677152259 Thu Feb 23 17:07:38 2023
4095   428  4095  4095  4095  
   1   159    29  
1677152259 Thu Feb 23 17:07:39 2023
4095   413  4095  4095  4095  
   1   223    29  
1677152260 Thu Feb 23 17:07:40 2023
4095   431  4095  4095  4095  
   1   277    29  
1677152260 Thu Feb 23 17:07:40 2023
4095   409  4095  4095  4095  
   1   154    29  
1677152261 Thu Feb 23 17:07:41 2023
4095   427  4095  4095  4095  
   1   177    29  
1677152261 Thu Feb 23 17:07:41 2023
4095   419  4095  4095  4095  
   1   123    29  
1677152262 Thu Feb 23 17:07:41 2023
4095   434  4095  4095  4095  
   1   200    29  
1677152262 Thu Feb 23 17:07:42 2023
4095   437  4095  4095  4095  
   1   187    29  
1677152263 Thu Feb 23 17:07:43 2023
4095   432  4095  4095  4095  
   1   182    29  
1677152264 Thu Feb 23 17:07:44 2023
4095   397  4095  4095  4095  
   1   452    29  
1677152264 Thu Feb 23 17:07:44 2023
4095   434  4095  4095  4095  
   1   119    29  
1677152265 Thu Feb 23 17:07:45 2023
4095   432  4095  4095  4095  
   1   162    29  
1677152266 Thu Feb 23 17:07:46 2023
4095   441  4095  4095  4095  
   1   192    29  
1677152267 Thu Feb 23 17:07:47 2023
4095   428  4095  4095  4095  
   1   173    29  
1677152267 Thu Feb 23 17:07:47 2023
4095   430  4095  4095  4095  
   1   141    29  
1677152268 Thu Feb 23 17:07:48 2023
4095   413  4095  4095  4095  
   1   169    29  
1677152268 Thu Feb 23 17:07:48 2023
4095   424  4095  4095  4095  
   1   128    29  
1677152269 Thu Feb 23 17:07:49 2023
4095   418  4095  4095  4095  
   1   178    29  
1677152269 Thu Feb 23 17:07:49 2023
4095   425  4095  4095  4095  
   1   176    29  
1677152270 Thu Feb 23 17:07:50 2023
4095   416  4095  4095  4095  
   1   427    29  
1677152270 Thu Feb 23 17:07:50 2023
4095   434  4095  4095  4095  
   1   138    29  
1677152270 Thu Feb 23 17:07:50 2023
4095   420  4095  4095  4095  
   1   168    29  
1677152271 Thu Feb 23 17:07:51 2023
4095   417  4095  4095  4095  
   1   237    29  
1677152272 Thu Feb 23 17:07:51 2023
4095   430  4095  4095  4095  
   1   155    29  
1677152272 Thu Feb 23 17:07:52 2023
4095   425  4095  4095  4095  
   1   348    29  
1677152272 Thu Feb 23 17:07:52 2023
4095   415  4095  4095  4095  
   1   155    29  
1677152273 Thu Feb 23 17:07:52 2023
4095   413  4095  4095  4095  
   1   286    29  
1677152273 Thu Feb 23 17:07:53 2023
4095   428  4095  4095  4095  
   1   220    29  
1677152274 Thu Feb 23 17:07:53 2023
4095   412  4095  4095  4095  
   1   388    29  
1677152274 Thu Feb 23 17:07:54 2023
4095   425  4095  4095  4095  
   1   267    29  
1677152274 Thu Feb 23 17:07:54 2023
4095   435  4095  4095  4095  
   1   162    29  
1677152275 Thu Feb 23 17:07:54 2023
4095   429  4095  4095  4095  
   1   149    29  
1677152275 Thu Feb 23 17:07:55 2023
4095   429  4095  4095  4095  
   1   426    29  
1677152276 Thu Feb 23 17:07:55 2023
4095   422  4095  4095  4095  
   1   177    29  
1677152276 Thu Feb 23 17:07:56 2023
4095   422  4095  4095  4095  
   1   193    29  
1677152276 Thu Feb 23 17:07:56 2023
4095   439  4095  4095  4095  
   1   110    29  
1677152277 Thu Feb 23 17:07:56 2023
4095   411  4095  4095  4095  
   1   210    29  
1677152277 Thu Feb 23 17:07:57 2023
4095   438  4095  4095  4095  
   1   188    29  
1677152277 Thu Feb 23 17:07:57 2023
4095   426  4095  4095  4095  
   1   164    29  
1677152278 Thu Feb 23 17:07:58 2023
4095   422  4095  4095  4095  
   1   328    29  
1677152278 Thu Feb 23 17:07:58 2023
4095   419  4095  4095  4095  
   1   173    29  
1677152279 Thu Feb 23 17:07:58 2023
4095   429  4095  4095  4095  
   1   142    29  
1677152279 Thu Feb 23 17:07:59 2023
4095   427  4095  4095  4095  
   1   247    29  
1677152280 Thu Feb 23 17:08:00 2023
4095   417  4095  4095  4095  
   1   226    29  
1677152281 Thu Feb 23 17:08:00 2023
4095   431  4095  4095  4095  
   1   189    29  
1677152281 Thu Feb 23 17:08:01 2023
4095   438  4095  4095  4095  
   1   141    29  
1677152282 Thu Feb 23 17:08:01 2023
4095   419  4095  4095  4095  
   1   163    29  
1677152283 Thu Feb 23 17:08:02 2023
4095   444  4095  4095  4095  
   1   161    29  
1677152283 Thu Feb 23 17:08:03 2023
4095   417  4095  4095  4095  
   1   211    29  
1677152284 Thu Feb 23 17:08:03 2023
4095   434  4095  4095  4095  
   1   277    29  
1677152285 Thu Feb 23 17:08:05 2023
4095   424  4095  4095  4095  
   1   266    29  
1677152286 Thu Feb 23 17:08:06 2023
4095   430  4095  4095  4095  
   1   148    29  
1677152287 Thu Feb 23 17:08:07 2023
4095   417  4095  4095  4095  
   1   170    29  
1677152288 Thu Feb 23 17:08:07 2023
4095   431  4095  4095  4095  
   1   113    29  
1677152288 Thu Feb 23 17:08:08 2023
4095   408  4095  4095  4095  
   1   159    29  
1677152288 Thu Feb 23 17:08:08 2023
4095   436  4095  4095  4095  
   1   139    29  
1677152290 Thu Feb 23 17:08:09 2023
4095   435  4095  4095  4095  
   1   198    29  
1677152290 Thu Feb 23 17:08:10 2023
4095   413  4095  4095  4095  
   1   187    29  
1677152291 Thu Feb 23 17:08:10 2023
4095   430  4095  4095  4095  
   1   178    29  
1677152291 Thu Feb 23 17:08:11 2023
4095   432  4095  4095  4095  
   1   121    29  
1677152292 Thu Feb 23 17:08:11 2023
4095   434  4095  4095  4095  
   1   170    29  
1677152292 Thu Feb 23 17:08:12 2023
4095   415  4095  4095  4095  
   1   240    29  
1677152293 Thu Feb 23 17:08:13 2023
4095   428  4095  4095  4095  
   1   283    29  
1677152293 Thu Feb 23 17:08:13 2023
4095   415  4095  4095  4095  
   1   127    29  
1677152294 Thu Feb 23 17:08:14 2023
4095   429  4095  4095  4095  
   1   165    29  
1677152294 Thu Feb 23 17:08:14 2023
4095   438  4095  4095  4095  
   1   126    29  
1677152294 Thu Feb 23 17:08:14 2023
4095   420  4095  4095  4095  
   1   179    29  
1677152295 Thu Feb 23 17:08:15 2023
4095   433  4095  4095  4095  
   1   194    29  
1677152295 Thu Feb 23 17:08:15 2023
4095   424  4095  4095  4095  
   1   137    29  
1677152296 Thu Feb 23 17:08:15 2023
4095   435  4095  4095  4095  
   1   150    29  
1677152297 Thu Feb 23 17:08:16 2023
4095   435  4095  4095  4095  
   1   249    29  
1677152297 Thu Feb 23 17:08:17 2023
4095   412  4095  4095  4095  
   1   180    29  
1677152298 Thu Feb 23 17:08:17 2023
4095   432  4095  4095  4095  
   1   135    29  
1677152298 Thu Feb 23 17:08:18 2023
4095   422  4095  4095  4095  
   1   139    29  
1677152299 Thu Feb 23 17:08:19 2023
4095   427  4095  4095  4095  
   1   252    29  
1677152300 Thu Feb 23 17:08:20 2023
4095   425  4095  4095  4095  
   1   235    29  
1677152301 Thu Feb 23 17:08:20 2023
4095   404  4095  4095  4095  
   1   323    29  
1677152301 Thu Feb 23 17:08:21 2023
4095   421  4095  4095  4095  
   1   171    29  
1677152302 Thu Feb 23 17:08:22 2023
4095   426  4095  4095  4095  
   1   145    29  
1677152303 Thu Feb 23 17:08:22 2023
4095   434  4095  4095  4095  
   1   209    29  
1677152303 Thu Feb 23 17:08:23 2023
4095   425  4095  4095  4095  
   1   172    29  
1677152304 Thu Feb 23 17:08:24 2023
4095   432  4095  4095  4095  
   1   160    29  
1677152305 Thu Feb 23 17:08:24 2023
4095   414  4095  4095  4095  
   1   262    29  
1677152305 Thu Feb 23 17:08:25 2023
4095   446  4095  4095  4095  
   1   184    29  
1677152305 Thu Feb 23 17:08:25 2023
4095   439  4095  4095  4095  
   1   151    29  
1677152306 Thu Feb 23 17:08:26 2023
4095   427  4095  4095  4095  
   1   225    29  
1677152307 Thu Feb 23 17:08:26 2023
4095   426  4095  4095  4095  
   1   214    29  
1677152307 Thu Feb 23 17:08:27 2023
4095   422  4095  4095  4095  
   1   143    29  
1677152308 Thu Feb 23 17:08:28 2023
4095   412  4095  4095  4095  
   1   174    29  
1677152309 Thu Feb 23 17:08:29 2023
4095   401  4095  4095  4095  
   1   194    29  
1677152310 Thu Feb 23 17:08:30 2023
4095   465  4095  4095  4095  
   1    97    29  
1677152310 Thu Feb 23 17:08:30 2023
4095   420  4095  4095  4095  
   1   171    29  
1677152311 Thu Feb 23 17:08:30 2023
4095   428  4095  4095  4095  
   1   223    29  
1677152311 Thu Feb 23 17:08:31 2023
4095   411  4095  4095  4095  
   1   309    29  
1677152313 Thu Feb 23 17:08:33 2023
4095   410  4095  4095  4095  
   1   175    29  
1677152314 Thu Feb 23 17:08:33 2023
4095   402  4095  4095  4095  
   1   310    29  
1677152314 Thu Feb 23 17:08:34 2023
4095   433  4095  4095  4095  
   1   159    29  
1677152315 Thu Feb 23 17:08:35 2023
4095   418  4095  4095  4095  
   1   148    29  
1677152315 Thu Feb 23 17:08:35 2023
4095   427  4095  4095  4095  
   1   184    29  
1677152316 Thu Feb 23 17:08:36 2023
4095  4095  4095  4095  4095  
   1    46    29  
1677152317 Thu Feb 23 17:08:36 2023
4095   416  4095  4095  4095  
   1   201    29  
1677152317 Thu Feb 23 17:08:37 2023
4095   425  4095  4095  4095  
   1   200    29  
1677152318 Thu Feb 23 17:08:37 2023
4095   412  4095  4095  4095  
   1   216    29  
1677152319 Thu Feb 23 17:08:38 2023
4095   430  4095  4095  4095  
   1   167    29  
1677152320 Thu Feb 23 17:08:40 2023
4095   431  4095  4095  4095  
   1   223    29  
1677152321 Thu Feb 23 17:08:40 2023
4095   426  4095  4095  4095  
   1   313    29  
1677152321 Thu Feb 23 17:08:41 2023
4095   426  4095  4095  4095  
   1   143    29  
1677152321 Thu Feb 23 17:08:41 2023
4095   430  4095  4095  4095  
   1   190    29  
1677152321 Thu Feb 23 17:08:41 2023
4095   425  4095  4095  4095  
   1   205    29  
1677152323 Thu Feb 23 17:08:43 2023
4095   438  4095  4095  4095  
   1   168    29  
1677152323 Thu Feb 23 17:08:43 2023
4095   424  4095  4095  4095  
   1   222    29  
1677152324 Thu Feb 23 17:08:43 2023
4095   434  4095  4095  4095  
   1   244    29  
1677152324 Thu Feb 23 17:08:44 2023
4095   423  4095  4095  4095  
   1   317    29  
1677152325 Thu Feb 23 17:08:44 2023
4095   422  4095  4095  4095  
   1   138    29  
1677152325 Thu Feb 23 17:08:45 2023
4095   420  4095  4095  4095  
   1   362    29  
1677152325 Thu Feb 23 17:08:45 2023
4095   422  4095  4095  4095  
   1   197    29  
1677152326 Thu Feb 23 17:08:46 2023
4095   421  4095  4095  4095  
   1   172    29  
1677152326 Thu Feb 23 17:08:46 2023
4095   411  4095  4095  4095  
   1   274    29  
1677152327 Thu Feb 23 17:08:47 2023
4095   407  4095  4095  4095  
   1   315    29  
1677152328 Thu Feb 23 17:08:48 2023
4095   431  4095  4095  4095  
   1   130    29  
1677152329 Thu Feb 23 17:08:48 2023
4095   424  4095  4095  4095  
   1   407    29  
1677152329 Thu Feb 23 17:08:49 2023
4095   431  4095  4095  4095  
   1    99    29  
1677152329 Thu Feb 23 17:08:49 2023
4095   440  4095  4095  4095  
   1   290    29  
1677152330 Thu Feb 23 17:08:50 2023
4095   407  4095  4095  4095  
   1   168    29  
1677152331 Thu Feb 23 17:08:50 2023
4095   450  4095  4095  4095  
   1   119    29  
1677152331 Thu Feb 23 17:08:51 2023
4095   415  4095  4095  4095  
   1   203    29  
1677152331 Thu Feb 23 17:08:51 2023
4095   420  4095  4095  4095  
   1   260    29  
1677152332 Thu Feb 23 17:08:52 2023
4095   430  4095  4095  4095  
   1   163    29  
1677152333 Thu Feb 23 17:08:52 2023
4095   443  4095  4095  4095  
   1   233    29  
1677152334 Thu Feb 23 17:08:54 2023
4095   406  4095  4095  4095  
   1   170    29  
1677152335 Thu Feb 23 17:08:54 2023
4095   430  4095  4095  4095  
   1   167    29  
1677152336 Thu Feb 23 17:08:55 2023
4095   420  4095  4095  4095  
   1   165    29  
1677152336 Thu Feb 23 17:08:56 2023
4095   406  4095  4095  4095  
   1   165    29  
1677152338 Thu Feb 23 17:08:57 2023
4095   436  4095  4095  4095  
   1   152    29  
1677152338 Thu Feb 23 17:08:58 2023
4095   426  4095  4095  4095  
   1   244    29  
1677152339 Thu Feb 23 17:08:59 2023
4095   414  4095  4095  4095  
   1   251    29  
1677152339 Thu Feb 23 17:08:59 2023
4095   426  4095  4095  4095  
   1   210    29  
1677152340 Thu Feb 23 17:08:59 2023
4095   431  4095  4095  4095  
   1   136    29  
1677152340 Thu Feb 23 17:09:00 2023
4095   420  4095  4095  4095  
   1   162    29  
1677152340 Thu Feb 23 17:09:00 2023
4095   437  4095  4095  4095  
   1   196    29  
1677152340 Thu Feb 23 17:09:00 2023
4095  4095  4095  4095  4095  
   1    44    29  
1677152341 Thu Feb 23 17:09:01 2023
4095   410  4095  4095  4095  
   1   176    29  
1677152342 Thu Feb 23 17:09:01 2023
4095   412  4095  4095  4095  
   1   187    29  
1677152342 Thu Feb 23 17:09:02 2023
4095   430  4095  4095  4095  
   1   131    29  
1677152343 Thu Feb 23 17:09:02 2023
4095   428  4095  4095  4095  
   1   125    29  
1677152343 Thu Feb 23 17:09:03 2023
4095   423  4095  4095  4095  
   1   223    29  
1677152343 Thu Feb 23 17:09:03 2023
4095   442  4095  4095  4095  
   1   180    29  
1677152344 Thu Feb 23 17:09:04 2023
4095   413  4095  4095  4095  
   1   187    29  
1677152344 Thu Feb 23 17:09:04 2023
4095   418  4095  4095  4095  
   1   168    29  
1677152345 Thu Feb 23 17:09:05 2023
4095   428  4095  4095  4095  
   1   378    29  
1677152345 Thu Feb 23 17:09:05 2023
4095   441  4095  4095  4095  
   1   163    29  
1677152345 Thu Feb 23 17:09:05 2023
4095   414  4095  4095  4095  
   1   135    29  
1677152346 Thu Feb 23 17:09:05 2023
4095   418  4095  4095  4095  
   1   194    29  
1677152346 Thu Feb 23 17:09:06 2023
4095   438  4095  4095  4095  
   1   230    29  
1677152346 Thu Feb 23 17:09:06 2023
4095   424  4095  4095  4095  
   1   123    29  
1677152347 Thu Feb 23 17:09:06 2023
4095   436  4095  4095  4095  
   1   268    29  
1677152347 Thu Feb 23 17:09:07 2023
4095   428  4095  4095  4095  
   1   144    29  
1677152348 Thu Feb 23 17:09:07 2023
4095   418  4095  4095  4095  
   1   201    29  
1677152348 Thu Feb 23 17:09:08 2023
4095   432  4095  4095  4095  
   1   185    29  
1677152348 Thu Feb 23 17:09:08 2023
4095   437  4095  4095  4095  
   1   112    29  
1677152348 Thu Feb 23 17:09:08 2023
4095   440  4095  4095  4095  
   1   184    29  
1677152348 Thu Feb 23 17:09:08 2023
4095   431  4095  4095  4095  
   1   140    29  
1677152349 Thu Feb 23 17:09:09 2023
4095   430  4095  4095  4095  
   1   207    29  
1677152349 Thu Feb 23 17:09:09 2023
4095   440  4095  4095  4095  
   1   133    29  
1677152350 Thu Feb 23 17:09:10 2023
4095   412  4095  4095  4095  
   1   249    29  
1677152350 Thu Feb 23 17:09:10 2023
4095   357  4095  4095  4095  
   1   321    29  
1677152351 Thu Feb 23 17:09:11 2023
4095   412  4095  4095  4095  
   1   265    29  
1677152352 Thu Feb 23 17:09:12 2023
4095   405  4095  4095  4095  
   1   177    29  
1677152352 Thu Feb 23 17:09:12 2023
4095   424  4095  4095  4095  
   1   162    29  
1677152352 Thu Feb 23 17:09:12 2023
4095   437  4095  4095  4095  
   1   165    29  
1677152352 Thu Feb 23 17:09:12 2023
4095   432  4095  4095  4095  
   1   201    29  
1677152353 Thu Feb 23 17:09:12 2023
4095   428  4095  4095  4095  
   1   207    29  
1677152353 Thu Feb 23 17:09:13 2023
4095   413  4095  4095  4095  
   1   326    29  
1677152354 Thu Feb 23 17:09:14 2023
4095   436  4095  4095  4095  
   1   154    29  
1677152354 Thu Feb 23 17:09:14 2023
4095   428  4095  4095  4095  
   1   146    29  
1677152356 Thu Feb 23 17:09:15 2023
4095   423  4095  4095  4095  
   1   242    29  
1677152356 Thu Feb 23 17:09:16 2023
4095   437  4095  4095  4095  
   1   167    29  
1677152357 Thu Feb 23 17:09:16 2023
4095   415  4095  4095  4095  
   1   185    29  
1677152357 Thu Feb 23 17:09:17 2023
4095   434  4095  4095  4095  
   1   139    29  
1677152358 Thu Feb 23 17:09:17 2023
4095   428  4095  4095  4095  
   1   212    29  
1677152358 Thu Feb 23 17:09:18 2023
4095   416  4095  4095  4095  
   1   292    29  
1677152358 Thu Feb 23 17:09:18 2023
4095   425  4095  4095  4095  
   1   208    29  
1677152359 Thu Feb 23 17:09:19 2023
4095   442  4095  4095  4095  
   1   255    29  
1677152360 Thu Feb 23 17:09:19 2023
4095   437  4095  4095  4095  
   1   168    29  
1677152361 Thu Feb 23 17:09:20 2023
4095   430  4095  4095  4095  
   1   208    29  
1677152361 Thu Feb 23 17:09:21 2023
4095   441  4095  4095  4095  
   1   207    29  
1677152361 Thu Feb 23 17:09:21 2023
4095   439  4095  4095  4095  
   1   147    29  
1677152362 Thu Feb 23 17:09:21 2023
4095   428  4095  4095  4095  
   1   230    29  
1677152362 Thu Feb 23 17:09:22 2023
4095   419  4095  4095  4095  
   1   194    29  
1677152362 Thu Feb 23 17:09:22 2023
4095   437  4095  4095  4095  
   1   192    29  
1677152363 Thu Feb 23 17:09:22 2023
4095   422  4095  4095  4095  
   1   231    29  
1677152363 Thu Feb 23 17:09:23 2023
4095   431  4095  4095  4095  
   1   199    29  
1677152363 Thu Feb 23 17:09:23 2023
4095   380  4095  4095  4095  
   1   247    29  
1677152364 Thu Feb 23 17:09:24 2023
4095   426  4095  4095  4095  
   1   131    29  
1677152364 Thu Feb 23 17:09:24 2023
4095   435  4095  4095  4095  
   1   199    29  
1677152365 Thu Feb 23 17:09:25 2023
4095   435  4095  4095  4095  
   1   167    29  
1677152365 Thu Feb 23 17:09:25 2023
4095   425  4095  4095  4095  
   1   187    29  
1677152366 Thu Feb 23 17:09:25 2023
4095   414  4095  4095  4095  
   1   175    29  
1677152366 Thu Feb 23 17:09:26 2023
4095   430  4095  4095  4095  
   1   206    29  
1677152368 Thu Feb 23 17:09:27 2023
4095   431  4095  4095  4095  
   1   226    29  
1677152368 Thu Feb 23 17:09:28 2023
4095   415  4095  4095  4095  
   1   231    29  
1677152369 Thu Feb 23 17:09:28 2023
4095   436  4095  4095  4095  
   1   208    29  
1677152369 Thu Feb 23 17:09:29 2023
4095   411  4095  4095  4095  
   1   299    29  
1677152370 Thu Feb 23 17:09:30 2023
4095   430  4095  4095  4095  
   1   174    29  
1677152371 Thu Feb 23 17:09:31 2023
4095   438  4095  4095  4095  
   1   156    29  
1677152372 Thu Feb 23 17:09:32 2023
4095   427  4095  4095  4095  
   1   163    29  
1677152372 Thu Feb 23 17:09:32 2023
4095   435  4095  4095  4095  
   1   183    29  
1677152372 Thu Feb 23 17:09:32 2023
4095   453  4095  4095  4095  
   1   114    29  
1677152373 Thu Feb 23 17:09:32 2023
4095   437  4095  4095  4095  
   1   172    29  
1677152373 Thu Feb 23 17:09:33 2023
4095   434  4095  4095  4095  
   1   248    29  
1677152375 Thu Feb 23 17:09:35 2023
4095   405  4095  4095  4095  
   1   213    29  
1677152375 Thu Feb 23 17:09:35 2023
4095   436  4095  4095  4095  
   1   218    29  
1677152376 Thu Feb 23 17:09:36 2023
4095   415  4095  4095  4095  
   1   317    29  
1677152376 Thu Feb 23 17:09:36 2023
4095   440  4095  4095  4095  
   1   154    29  
1677152376 Thu Feb 23 17:09:36 2023
4095   427  4095  4095  4095  
   1   138    29  
1677152377 Thu Feb 23 17:09:37 2023
4095   422  4095  4095  4095  
   1   215    29  
1677152378 Thu Feb 23 17:09:38 2023
4095   401  4095  4095  4095  
   1   162    29  
1677152378 Thu Feb 23 17:09:38 2023
4095   421  4095  4095  4095  
   1   269    29  
1677152379 Thu Feb 23 17:09:39 2023
4095   417  4095  4095  4095  
   1   180    29  
1677152381 Thu Feb 23 17:09:40 2023
4095   441  4095  4095  4095  
   1   166    29  
1677152381 Thu Feb 23 17:09:41 2023
4095   434  4095  4095  4095  
   1   205    29  
1677152382 Thu Feb 23 17:09:42 2023
4095   408  4095  4095  4095  
   1   195    29  
1677152382 Thu Feb 23 17:09:42 2023
4095   428  4095  4095  4095  
   1   287    29  
1677152383 Thu Feb 23 17:09:42 2023
4095   445  4095  4095  4095  
   1    93    29  
1677152383 Thu Feb 23 17:09:43 2023
4095   418  4095  4095  4095  
   1   194    29  
1677152384 Thu Feb 23 17:09:43 2023
4095   436  4095  4095  4095  
   1   163    29  
1677152384 Thu Feb 23 17:09:44 2023
4095   453  4095  4095  4095  
   1   152    29  
1677152384 Thu Feb 23 17:09:44 2023
4095   428  4095  4095  4095  
   1   172    29  
1677152385 Thu Feb 23 17:09:44 2023
4095   420  4095  4095  4095  
   1   179    29  
1677152386 Thu Feb 23 17:09:46 2023
4095   415  4095  4095  4095  
   1   139    29  
1677152387 Thu Feb 23 17:09:46 2023
4095   426  4095  4095  4095  
   1   176    29  
1677152387 Thu Feb 23 17:09:47 2023
4095   409  4095  4095  4095  
   1   146    29  
1677152388 Thu Feb 23 17:09:47 2023
4095   438  4095  4095  4095  
   1   140    29  
1677152388 Thu Feb 23 17:09:48 2023
4095   409  4095  4095  4095  
   1   189    29  
1677152388 Thu Feb 23 17:09:48 2023
4095   415  4095  4095  4095  
   1   161    29  
1677152389 Thu Feb 23 17:09:48 2023
4095   435  4095  4095  4095  
   1   159    29  
1677152389 Thu Feb 23 17:09:49 2023
4095   427  4095  4095  4095  
   1   140    29  
1677152389 Thu Feb 23 17:09:49 2023
4095   421  4095  4095  4095  
   1   389    29  
1677152390 Thu Feb 23 17:09:49 2023
4095   430  4095  4095  4095  
   1   212    29  
1677152390 Thu Feb 23 17:09:50 2023
4095   441  4095  4095  4095  
   1   152    29  
1677152390 Thu Feb 23 17:09:50 2023
4095   413  4095  4095  4095  
   1   311    29  
1677152391 Thu Feb 23 17:09:50 2023
4095   409  4095  4095  4095  
   1   134    29  
1677152391 Thu Feb 23 17:09:51 2023
4095   410  4095  4095  4095  
   1   257    29  
1677152392 Thu Feb 23 17:09:52 2023
4095   411  4095  4095  4095  
   1   222    29  
1677152393 Thu Feb 23 17:09:53 2023
4095   425  4095  4095  4095  
   1   184    29  
1677152395 Thu Feb 23 17:09:54 2023
4095   428  4095  4095  4095  
   1   194    29  
1677152395 Thu Feb 23 17:09:55 2023
4095   434  4095  4095  4095  
   1   208    29  
1677152396 Thu Feb 23 17:09:56 2023
4095   420  4095  4095  4095  
   1   165    29  
1677152397 Thu Feb 23 17:09:56 2023
4095   417  4095  4095  4095  
   1   253    29  
1677152397 Thu Feb 23 17:09:57 2023
4095   415  4095  4095  4095  
   1   231    29  
1677152398 Thu Feb 23 17:09:58 2023
4095   435  4095  4095  4095  
   1   163    29  
1677152399 Thu Feb 23 17:09:58 2023
4095   429  4095  4095  4095  
   1   117    29  
1677152400 Thu Feb 23 17:09:59 2023
4095   443  4095  4095  4095  
   1   126    29  
1677152400 Thu Feb 23 17:10:00 2023
4095   417  4095  4095  4095  
   1   187    29  
1677152400 Thu Feb 23 17:10:00 2023
4095   440  4095  4095  4095  
   1   212    29  
1677152401 Thu Feb 23 17:10:00 2023
4095   403  4095  4095  4095  
   1   315    29  
1677152402 Thu Feb 23 17:10:02 2023
4095   432  4095  4095  4095  
   1   142    29  
1677152402 Thu Feb 23 17:10:02 2023
4095   479  4095  4095  4095  
   1   103    29  
1677152402 Thu Feb 23 17:10:02 2023
4095   424  4095  4095  4095  
   1   265    29  
1677152403 Thu Feb 23 17:10:03 2023
4095   397  4095  4095  4095  
   1   372    29  
1677152404 Thu Feb 23 17:10:04 2023
4095   425  4095  4095  4095  
   1   149    29  
1677152405 Thu Feb 23 17:10:04 2023
4095   420  4095  4095  4095  
   1   295    29  
1677152405 Thu Feb 23 17:10:05 2023
4095   434  4095  4095  4095  
   1   141    29  
1677152406 Thu Feb 23 17:10:06 2023
4095   409  4095  4095  4095  
   1   306    29  
1677152406 Thu Feb 23 17:10:06 2023
4095   418  4095  4095  4095  
   1   209    29  
1677152407 Thu Feb 23 17:10:07 2023
4095   424  4095  4095  4095  
   1   405    29  
1677152408 Thu Feb 23 17:10:08 2023
4095   436  4095  4095  4095  
   1   300    29  
1677152408 Thu Feb 23 17:10:08 2023
4095   425  4095  4095  4095  
   1   231    29  
1677152409 Thu Feb 23 17:10:08 2023
4095   397  4095  4095  4095  
   1   239    29  
1677152409 Thu Feb 23 17:10:09 2023
4095   412  4095  4095  4095  
   1   383    29  
1677152410 Thu Feb 23 17:10:09 2023
4095   419  4095  4095  4095  
   1   278    29  
1677152410 Thu Feb 23 17:10:10 2023
4095   421  4095  4095  4095  
   1   160    29  
1677152411 Thu Feb 23 17:10:11 2023
4095   456  4095  4095  4095  
   1   144    29  
1677152411 Thu Feb 23 17:10:11 2023
4095   418  4095  4095  4095  
   1   226    29  
1677152413 Thu Feb 23 17:10:13 2023
4095   429  4095  4095  4095  
   1   337    29  
1677152413 Thu Feb 23 17:10:13 2023
4095   413  4095  4095  4095  
   1   209    29  
1677152414 Thu Feb 23 17:10:14 2023
4095   421  4095  4095  4095  
   1   536    29  
1677152414 Thu Feb 23 17:10:14 2023
4095   428  4095  4095  4095  
   1   144    29  
1677152415 Thu Feb 23 17:10:14 2023
4095   428  4095  4095  4095  
   1   182    29  
1677152415 Thu Feb 23 17:10:15 2023
4095   420  4095  4095  4095  
   1   287    29  
1677152416 Thu Feb 23 17:10:16 2023
4095   440  4095  4095  4095  
   1   126    29  
1677152417 Thu Feb 23 17:10:17 2023
4095   433  4095  4095  4095  
   1   182    29  
1677152418 Thu Feb 23 17:10:17 2023
4095   440  4095  4095  4095  
   1   172    29  
1677152418 Thu Feb 23 17:10:18 2023
4095   438  4095  4095  4095  
   1   134    29  
1677152419 Thu Feb 23 17:10:18 2023
4095   453  4095  4095  4095  
   1   144    29  
1677152419 Thu Feb 23 17:10:19 2023
4095   425  4095  4095  4095  
   1   149    29  
1677152419 Thu Feb 23 17:10:19 2023
4095   429  4095  4095  4095  
   1   188    29  
1677152419 Thu Feb 23 17:10:19 2023
4095   440  4095  4095  4095  
   1   321    29  
1677152421 Thu Feb 23 17:10:20 2023
4095   416  4095  4095  4095  
   1   155    29  
1677152421 Thu Feb 23 17:10:21 2023
4095   412  4095  4095  4095  
   1   183    29  
1677152421 Thu Feb 23 17:10:21 2023
4095   428  4095  4095  4095  
   1   170    29  
1677152421 Thu Feb 23 17:10:21 2023
4095   423  4095  4095  4095  
   1   202    29  
1677152422 Thu Feb 23 17:10:22 2023
4095   445  4095  4095  4095  
   1   150    29  
1677152422 Thu Feb 23 17:10:22 2023
4095   469  4095  4095  4095  
   1    87    29  
1677152423 Thu Feb 23 17:10:23 2023
4095   429  4095  4095  4095  
   1   833    29  
1677152423 Thu Feb 23 17:10:23 2023
4095  4095  4095  4095  4095  
   1    54    29  
1677152424 Thu Feb 23 17:10:24 2023
4095   433  4095  4095  4095  
   1   141    29  
1677152425 Thu Feb 23 17:10:25 2023
4095   423  4095  4095  4095  
   1   154    29  
1677152425 Thu Feb 23 17:10:25 2023
4095   424  4095  4095  4095  
   1   269    29  
1677152426 Thu Feb 23 17:10:26 2023
4095   430  4095  4095  4095  
   1   197    29  
1677152426 Thu Feb 23 17:10:26 2023
4095   427  4095  4095  4095  
   1   244    29  
1677152427 Thu Feb 23 17:10:26 2023
4095   430  4095  4095  4095  
   1   219    29  
1677152427 Thu Feb 23 17:10:27 2023
4095   436  4095  4095  4095  
   1   137    29  
1677152428 Thu Feb 23 17:10:27 2023
4095   429  4095  4095  4095  
   1   280    29  
1677152429 Thu Feb 23 17:10:29 2023
4095   431  4095  4095  4095  
   1   182    29  
1677152430 Thu Feb 23 17:10:30 2023
4095   438  4095  4095  4095  
   1   127    29  
1677152431 Thu Feb 23 17:10:30 2023
4095   437  4095  4095  4095  
   1   128    29  
1677152431 Thu Feb 23 17:10:31 2023
4095   414  4095  4095  4095  
   1   256    29  
1677152432 Thu Feb 23 17:10:32 2023
4095   431  4095  4095  4095  
   1   274    29  
1677152433 Thu Feb 23 17:10:32 2023
4095   353  4095  4095  4095  
   1   249    29  
1677152434 Thu Feb 23 17:10:34 2023
4095   408  4095  4095  4095  
   1   200    29  
1677152435 Thu Feb 23 17:10:35 2023
4095   412  4095  4095  4095  
   1   214    29  
1677152436 Thu Feb 23 17:10:35 2023
4095   412  4095  4095  4095  
   1   380    29  
1677152436 Thu Feb 23 17:10:36 2023
4095   431  4095  4095  4095  
   1   327    29  
1677152437 Thu Feb 23 17:10:37 2023
4095   438  4095  4095  4095  
   1   151    29  
1677152438 Thu Feb 23 17:10:37 2023
4095   424  4095  4095  4095  
   1   206    29  
1677152439 Thu Feb 23 17:10:38 2023
4095   442  4095  4095  4095  
   1   121    29  
1677152440 Thu Feb 23 17:10:39 2023
4095   435  4095  4095  4095  
   1   159    29  
1677152440 Thu Feb 23 17:10:40 2023
4095   421  4095  4095  4095  
   1   253    29  
1677152440 Thu Feb 23 17:10:40 2023
4095   423  4095  4095  4095  
   1   207    29  
1677152441 Thu Feb 23 17:10:41 2023
4095   436  4095  4095  4095  
   1   174    29  
1677152442 Thu Feb 23 17:10:41 2023
4095   429  4095  4095  4095  
   1   139    29  
1677152442 Thu Feb 23 17:10:42 2023
4095   412  4095  4095  4095  
   1   529    29  
1677152442 Thu Feb 23 17:10:42 2023
4095   431  4095  4095  4095  
   1   244    29  
1677152442 Thu Feb 23 17:10:42 2023
4095   397  4095  4095  4095  
   1   314    29  
1677152443 Thu Feb 23 17:10:43 2023
4095   415  4095  4095  4095  
   1   254    29  
1677152445 Thu Feb 23 17:10:45 2023
4095   435  4095  4095  4095  
   1   214    29  
1677152445 Thu Feb 23 17:10:45 2023
4095   432  4095  4095  4095  
   1   149    29  
1677152446 Thu Feb 23 17:10:45 2023
4095   412  4095  4095  4095  
   1   123    29  
1677152447 Thu Feb 23 17:10:46 2023
4095   437  4095  4095  4095  
   1   190    29  
1677152447 Thu Feb 23 17:10:47 2023
4095   431  4095  4095  4095  
   1   215    29  
1677152448 Thu Feb 23 17:10:48 2023
4095   428  4095  4095  4095  
   1   137    29  
1677152448 Thu Feb 23 17:10:48 2023
4095   431  4095  4095  4095  
   1   215    29  
1677152449 Thu Feb 23 17:10:49 2023
4095   428  4095  4095  4095  
   1   199    29  
1677152451 Thu Feb 23 17:10:50 2023
4095   425  4095  4095  4095  
   1   440    29  
1677152451 Thu Feb 23 17:10:51 2023
4095   416  4095  4095  4095  
   1   167    29  
1677152452 Thu Feb 23 17:10:51 2023
4095   424  4095  4095  4095  
   1   181    29  
1677152452 Thu Feb 23 17:10:52 2023
4095   436  4095  4095  4095  
   1   182    29  
1677152454 Thu Feb 23 17:10:53 2023
4095   382  4095  4095  4095  
   1   250    29  
1677152454 Thu Feb 23 17:10:54 2023
4095   413  4095  4095  4095  
   1   166    29  
1677152455 Thu Feb 23 17:10:55 2023
4095   425  4095  4095  4095  
   1   226    29  
1677152456 Thu Feb 23 17:10:56 2023
4095   420  4095  4095  4095  
   1   135    29  
1677152456 Thu Feb 23 17:10:56 2023
4095   417  4095  4095  4095  
   1   217    29  
1677152457 Thu Feb 23 17:10:57 2023
4095   423  4095  4095  4095  
   1   211    29  
1677152458 Thu Feb 23 17:10:57 2023
4095  4095  4095  4095  4095  
   1    45    29  
1677152458 Thu Feb 23 17:10:58 2023
4095   408  4095  4095  4095  
   1   417    29  
1677152459 Thu Feb 23 17:10:59 2023
4095   423  4095  4095  4095  
   1   248    29  
1677152459 Thu Feb 23 17:10:59 2023
4095   424  4095  4095  4095  
   1   244    29  
1677152459 Thu Feb 23 17:10:59 2023
4095   413  4095  4095  4095  
   1   113    29  
1677152460 Thu Feb 23 17:10:59 2023
4095   439  4095  4095  4095  
   1   162    29  
1677152461 Thu Feb 23 17:11:00 2023
4095   420  4095  4095  4095  
   1   160    29  
1677152462 Thu Feb 23 17:11:02 2023
4095   417  4095  4095  4095  
   1   321    29  
1677152463 Thu Feb 23 17:11:03 2023
4095   429  4095  4095  4095  
   1   462    29  
1677152464 Thu Feb 23 17:11:03 2023
4095   428  4095  4095  4095  
   1   161    29  
1677152465 Thu Feb 23 17:11:04 2023
4095   432  4095  4095  4095  
   1   156    29  
1677152465 Thu Feb 23 17:11:05 2023
4095   425  4095  4095  4095  
   1   207    29  
1677152466 Thu Feb 23 17:11:06 2023
4095   427  4095  4095  4095  
   1   200    29  
1677152466 Thu Feb 23 17:11:06 2023
4095   435  4095  4095  4095  
   1   140    29  
1677152467 Thu Feb 23 17:11:06 2023
4095   429  4095  4095  4095  
   1   158    29  
1677152467 Thu Feb 23 17:11:07 2023
4095   414  4095  4095  4095  
   1   319    29  
1677152467 Thu Feb 23 17:11:07 2023
4095   426  4095  4095  4095  
   1   130    29  
1677152467 Thu Feb 23 17:11:07 2023
4095   402  4095  4095  4095  
   1   203    29  
1677152468 Thu Feb 23 17:11:07 2023
4095   436  4095  4095  4095  
   1   247    29  
1677152469 Thu Feb 23 17:11:09 2023
4095   419  4095  4095  4095  
   1   249    29  
1677152469 Thu Feb 23 17:11:09 2023
4095   428  4095  4095  4095  
   1   180    29  
1677152469 Thu Feb 23 17:11:09 2023
4095   431  4095  4095  4095  
   1   150    29  
1677152470 Thu Feb 23 17:11:09 2023
4095   427  4095  4095  4095  
   1   123    29  
1677152470 Thu Feb 23 17:11:10 2023
4095   426  4095  4095  4095  
   1   240    29  
1677152471 Thu Feb 23 17:11:11 2023
4095   436  4095  4095  4095  
   1   175    29  
1677152472 Thu Feb 23 17:11:11 2023
4095   438  4095  4095  4095  
   1   201    29  
1677152473 Thu Feb 23 17:11:13 2023
4095   429  4095  4095  4095  
   1   213    29  
1677152474 Thu Feb 23 17:11:13 2023
4095   440  4095  4095  4095  
   1   163    29  
1677152476 Thu Feb 23 17:11:16 2023
4095   436  4095  4095  4095  
   1   182    29  
1677152476 Thu Feb 23 17:11:16 2023
4095   425  4095  4095  4095  
   1   233    29  
1677152477 Thu Feb 23 17:11:17 2023
4095   426  4095  4095  4095  
   1   157    29  
1677152478 Thu Feb 23 17:11:17 2023
4095   422  4095  4095  4095  
   1   171    29  
1677152478 Thu Feb 23 17:11:18 2023
4095   433  4095  4095  4095  
   1   161    29  
1677152478 Thu Feb 23 17:11:18 2023
4095   422  4095  4095  4095  
   1   194    29  
1677152478 Thu Feb 23 17:11:18 2023
4095   422  4095  4095  4095  
   1   196    29  
1677152479 Thu Feb 23 17:11:19 2023
4095   426  4095  4095  4095  
   1   282    29  
1677152480 Thu Feb 23 17:11:20 2023
4095   417  4095  4095  4095  
   1   158    29  
1677152480 Thu Feb 23 17:11:20 2023
4095   420  4095  4095  4095  
   1   153    29  
1677152481 Thu Feb 23 17:11:20 2023
4095   428  4095  4095  4095  
   1   129    29  
1677152481 Thu Feb 23 17:11:21 2023
4095   418  4095  4095  4095  
   1   223    29  
1677152482 Thu Feb 23 17:11:22 2023
4095   418  4095  4095  4095  
   1   174    29  
1677152483 Thu Feb 23 17:11:23 2023
4095   394  4095  4095  4095  
   1   272    29  
1677152484 Thu Feb 23 17:11:24 2023
4095   393  4095  4095  4095  
   1   173    29  
1677152484 Thu Feb 23 17:11:24 2023
4095   451  4095  4095  4095  
   1   107    29  
1677152485 Thu Feb 23 17:11:24 2023
4095   418  4095  4095  4095  
   1   210    29  
1677152485 Thu Feb 23 17:11:25 2023
4095   429  4095  4095  4095  
   1   175    29  
1677152486 Thu Feb 23 17:11:25 2023
4095   412  4095  4095  4095  
   1   204    29  
1677152486 Thu Feb 23 17:11:26 2023
4095   435  4095  4095  4095  
   1   142    29  
1677152487 Thu Feb 23 17:11:26 2023
4095   421  4095  4095  4095  
   1   292    29  
1677152488 Thu Feb 23 17:11:27 2023
4095   420  4095  4095  4095  
   1   226    29  
1677152488 Thu Feb 23 17:11:28 2023
4095  4095  4095  4095  4095  
   1    78    29  
1677152488 Thu Feb 23 17:11:28 2023
4095   431  4095  4095  4095  
   1   208    29  
1677152489 Thu Feb 23 17:11:28 2023
4095   426  4095  4095  4095  
   1   212    29  
1677152489 Thu Feb 23 17:11:29 2023
4095   408  4095  4095  4095  
   1   151    29  
1677152489 Thu Feb 23 17:11:29 2023
4095   422  4095  4095  4095  
   1   190    29  
1677152490 Thu Feb 23 17:11:30 2023
4095   432  4095  4095  4095  
   1   203    29  
1677152491 Thu Feb 23 17:11:30 2023
4095   415  4095  4095  4095  
   1   184    29  
1677152491 Thu Feb 23 17:11:31 2023
4095   415  4095  4095  4095  
   1   267    29  
1677152491 Thu Feb 23 17:11:31 2023
4095   421  4095  4095  4095  
   1   198    29  
1677152491 Thu Feb 23 17:11:31 2023
4095   405  4095  4095  4095  
   1   135    29  
1677152492 Thu Feb 23 17:11:32 2023
4095   439  4095  4095  4095  
   1   143    29  
1677152492 Thu Feb 23 17:11:32 2023
4095   425  4095  4095  4095  
   1   308    29  
1677152492 Thu Feb 23 17:11:32 2023
4095   416  4095  4095  4095  
   1   273    29  
1677152493 Thu Feb 23 17:11:32 2023
4095   427  4095  4095  4095  
   1   213    29  
1677152493 Thu Feb 23 17:11:33 2023
4095   420  4095  4095  4095  
   1   260    29  
1677152493 Thu Feb 23 17:11:33 2023
4095   409  4095  4095  4095  
   1   161    29  
1677152494 Thu Feb 23 17:11:34 2023
4095   437  4095  4095  4095  
   1   144    29  
1677152495 Thu Feb 23 17:11:35 2023
4095   423  4095  4095  4095  
   1   190    29  
1677152496 Thu Feb 23 17:11:36 2023
4095   420  4095  4095  4095  
   1   223    29  
1677152497 Thu Feb 23 17:11:37 2023
4095  4095  4095  4095  4095  
   1    46    29  
1677152497 Thu Feb 23 17:11:37 2023
4095   442  4095  4095  4095  
   1   178    29  
1677152498 Thu Feb 23 17:11:38 2023
4095   421  4095  4095  4095  
   1   227    29  
1677152499 Thu Feb 23 17:11:38 2023
4095   441  4095  4095  4095  
   1   165    29  
1677152499 Thu Feb 23 17:11:39 2023
4095   454  4095  4095  4095  
   1   107    29  
1677152499 Thu Feb 23 17:11:39 2023
4095   439  4095  4095  4095  
   1   193    29  
1677152501 Thu Feb 23 17:11:40 2023
4095   406  4095  4095  4095  
   1   180    29  
1677152502 Thu Feb 23 17:11:41 2023
4095   415  4095  4095  4095  
   1   145    29  
1677152502 Thu Feb 23 17:11:42 2023
4095   419  4095  4095  4095  
   1   272    29  
1677152503 Thu Feb 23 17:11:42 2023
4095   424  4095  4095  4095  
   1   148    29  
1677152503 Thu Feb 23 17:11:43 2023
4095   436  4095  4095  4095  
   1   130    29  
1677152503 Thu Feb 23 17:11:43 2023
4095   435  4095  4095  4095  
   1   188    29  
1677152504 Thu Feb 23 17:11:43 2023
4095   416  4095  4095  4095  
   1   152    29  
1677152505 Thu Feb 23 17:11:45 2023
4095   428  4095  4095  4095  
   1   182    29  
1677152505 Thu Feb 23 17:11:45 2023
4095   408  4095  4095  4095  
   1   174    29  
1677152506 Thu Feb 23 17:11:45 2023
4095   412  4095  4095  4095  
   1   218    29  
1677152506 Thu Feb 23 17:11:46 2023
4095   436  4095  4095  4095  
   1   148    29  
1677152507 Thu Feb 23 17:11:47 2023
4095   416  4095  4095  4095  
   1   151    29  
1677152508 Thu Feb 23 17:11:47 2023
4095   422  4095  4095  4095  
   1   357    29  
1677152508 Thu Feb 23 17:11:48 2023
4095   408  4095  4095  4095  
   1   192    29  
1677152509 Thu Feb 23 17:11:49 2023
4095   412  4095  4095  4095  
   1   212    29  
1677152509 Thu Feb 23 17:11:49 2023
4095   421  4095  4095  4095  
   1   435    29  
1677152509 Thu Feb 23 17:11:49 2023
4095   421  4095  4095  4095  
   1   329    29  
1677152510 Thu Feb 23 17:11:50 2023
4095   437  4095  4095  4095  
   1   147    29  
1677152511 Thu Feb 23 17:11:50 2023
4095   398  4095  4095  4095  
   1   199    29  
1677152511 Thu Feb 23 17:11:51 2023
4095   422  4095  4095  4095  
   1   208    29  
1677152512 Thu Feb 23 17:11:52 2023
4095   413  4095  4095  4095  
   1   206    29  
1677152513 Thu Feb 23 17:11:52 2023
4095   436  4095  4095  4095  
   1   140    29  
1677152513 Thu Feb 23 17:11:53 2023
4095   430  4095  4095  4095  
   1   225    29  
1677152513 Thu Feb 23 17:11:53 2023
4095   410  4095  4095  4095  
   1   283    29  
1677152514 Thu Feb 23 17:11:54 2023
4095   439  4095  4095  4095  
   1   144    29  
1677152515 Thu Feb 23 17:11:54 2023
4095   429  4095  4095  4095  
   1   217    29  
1677152516 Thu Feb 23 17:11:55 2023
4095   417  4095  4095  4095  
   1   176    29  
1677152516 Thu Feb 23 17:11:56 2023
4095   430  4095  4095  4095  
   1   173    29  
1677152517 Thu Feb 23 17:11:56 2023
4095   425  4095  4095  4095  
   1   350    29  
1677152517 Thu Feb 23 17:11:57 2023
4095   425  4095  4095  4095  
   1   200    29  
1677152517 Thu Feb 23 17:11:57 2023
4095   422  4095  4095  4095  
   1   244    29  
1677152518 Thu Feb 23 17:11:57 2023
4095   408  4095  4095  4095  
   1   182    29  
1677152518 Thu Feb 23 17:11:58 2023
4095   433  4095  4095  4095  
   1   205    29  
1677152518 Thu Feb 23 17:11:58 2023
4095   430  4095  4095  4095  
   1   247    29  
1677152519 Thu Feb 23 17:11:58 2023
4095   430  4095  4095  4095  
   1   169    29  
1677152519 Thu Feb 23 17:11:59 2023
4095   433  4095  4095  4095  
   1   145    29  
1677152520 Thu Feb 23 17:12:00 2023
4095   439  4095  4095  4095  
   1   113    29  
1677152520 Thu Feb 23 17:12:00 2023
4095   370  4095  4095  4095  
   1   350    29  
1677152521 Thu Feb 23 17:12:00 2023
4095   420  4095  4095  4095  
   1   171    29  
1677152521 Thu Feb 23 17:12:01 2023
4095   427  4095  4095  4095  
   1   169    29  
1677152521 Thu Feb 23 17:12:01 2023
4095   401  4095  4095  4095  
   1   185    29  
1677152522 Thu Feb 23 17:12:01 2023
4095   459  4095  4095  4095  
   1   152    29  
1677152523 Thu Feb 23 17:12:02 2023
4095   423  4095  4095  4095  
   1   272    29  
1677152523 Thu Feb 23 17:12:03 2023
4095   423  4095  4095  4095  
   1   188    29  
1677152524 Thu Feb 23 17:12:03 2023
4095   429  4095  4095  4095  
   1   440    29  
1677152524 Thu Feb 23 17:12:04 2023
4095   421  4095  4095  4095  
   1   224    29  
1677152525 Thu Feb 23 17:12:05 2023
4095   440  4095  4095  4095  
   1   164    29  
1677152525 Thu Feb 23 17:12:05 2023
4095   440  4095  4095  4095  
   1   136    29  
1677152526 Thu Feb 23 17:12:06 2023
4095   433  4095  4095  4095  
   1   228    29  
1677152527 Thu Feb 23 17:12:07 2023
4095   389  4095  4095  4095  
   1   151    29  
1677152528 Thu Feb 23 17:12:07 2023
4095   433  4095  4095  4095  
   1   160    29  
1677152528 Thu Feb 23 17:12:08 2023
4095   443  4095  4095  4095  
   1   150    29  
1677152529 Thu Feb 23 17:12:09 2023
4095   425  4095  4095  4095  
   1   194    29  
1677152529 Thu Feb 23 17:12:09 2023
4095   416  4095  4095  4095  
   1   402    29  
1677152529 Thu Feb 23 17:12:09 2023
4095   433  4095  4095  4095  
   1   153    29  
1677152530 Thu Feb 23 17:12:09 2023
4095   416  4095  4095  4095  
   1   154    29  
1677152530 Thu Feb 23 17:12:10 2023
4095   428  4095  4095  4095  
   1   138    29  
1677152531 Thu Feb 23 17:12:11 2023
4095   423  4095  4095  4095  
   1   161    29  
1677152531 Thu Feb 23 17:12:11 2023
4095   417  4095  4095  4095  
   1   311    29  
1677152532 Thu Feb 23 17:12:11 2023
4095   413  4095  4095  4095  
   1   160    29  
1677152534 Thu Feb 23 17:12:14 2023
4095   429  4095  4095  4095  
   1   168    29  
1677152534 Thu Feb 23 17:12:14 2023
4095   421  4095  4095  4095  
   1   311    29  
1677152535 Thu Feb 23 17:12:15 2023
4095   443  4095  4095  4095  
   1   132    29  
1677152536 Thu Feb 23 17:12:15 2023
4095   424  4095  4095  4095  
   1   114    29  
1677152536 Thu Feb 23 17:12:16 2023
4095   431  4095  4095  4095  
   1   337    29  
1677152537 Thu Feb 23 17:12:17 2023
4095   422  4095  4095  4095  
   1   333    29  
1677152538 Thu Feb 23 17:12:18 2023
4095   415  4095  4095  4095  
   1   144    29  
1677152539 Thu Feb 23 17:12:18 2023
4095   470  4095  4095  4095  
   1   121    29  
1677152540 Thu Feb 23 17:12:19 2023
4095   409  4095  4095  4095  
   1   327    29  
1677152541 Thu Feb 23 17:12:21 2023
4095   430  4095  4095  4095  
   1   181    29  
1677152541 Thu Feb 23 17:12:21 2023
4095   429  4095  4095  4095  
   1   146    29  
1677152541 Thu Feb 23 17:12:21 2023
4095   432  4095  4095  4095  
   1   130    29  
1677152542 Thu Feb 23 17:12:22 2023
4095   418  4095  4095  4095  
   1   182    29  
1677152542 Thu Feb 23 17:12:22 2023
4095   398  4095  4095  4095  
   1   224    29  
1677152543 Thu Feb 23 17:12:23 2023
4095   429  4095  4095  4095  
   1   317    29  
1677152543 Thu Feb 23 17:12:23 2023
4095   425  4095  4095  4095  
   1   164    29  
1677152544 Thu Feb 23 17:12:23 2023
4095   422  4095  4095  4095  
   1   279    29  
1677152544 Thu Feb 23 17:12:24 2023
4095   418  4095  4095  4095  
   1   243    29  
1677152544 Thu Feb 23 17:12:24 2023
4095   420  4095  4095  4095  
   1   215    29  
1677152545 Thu Feb 23 17:12:25 2023
4095   418  4095  4095  4095  
   1   134    29  
1677152546 Thu Feb 23 17:12:25 2023
4095   437  4095  4095  4095  
   1   167    29  
1677152546 Thu Feb 23 17:12:26 2023
4095   430  4095  4095  4095  
   1   138    29  
1677152547 Thu Feb 23 17:12:26 2023
4095   418  4095  4095  4095  
   1   221    29  
1677152548 Thu Feb 23 17:12:27 2023
4095   431  4095  4095  4095  
   1   433    29  
1677152548 Thu Feb 23 17:12:28 2023
4095   437  4095  4095  4095  
   1   153    29  
1677152548 Thu Feb 23 17:12:28 2023
4095   424  4095  4095  4095  
   1   149    29  
1677152549 Thu Feb 23 17:12:28 2023
4095   441  4095  4095  4095  
   1   230    29  
1677152549 Thu Feb 23 17:12:29 2023
4095   422  4095  4095  4095  
   1   221    29  
1677152549 Thu Feb 23 17:12:29 2023
4095   435  4095  4095  4095  
   1   216    29  
1677152550 Thu Feb 23 17:12:29 2023
4095   422  4095  4095  4095  
   1   178    29  
1677152550 Thu Feb 23 17:12:30 2023
4095   423  4095  4095  4095  
   1   194    29  
1677152551 Thu Feb 23 17:12:30 2023
4095   420  4095  4095  4095  
   1   134    29  
1677152551 Thu Feb 23 17:12:31 2023
4095   409  4095  4095  4095  
   1   365    29  
1677152552 Thu Feb 23 17:12:32 2023
4095   436  4095  4095  4095  
   1   107    29  
1677152552 Thu Feb 23 17:12:32 2023
4095   428  4095  4095  4095  
   1   234    29  
1677152553 Thu Feb 23 17:12:32 2023
4095   435  4095  4095  4095  
   1   207    29  
1677152553 Thu Feb 23 17:12:33 2023
4095   418  4095  4095  4095  
   1   191    29  
1677152553 Thu Feb 23 17:12:33 2023
4095   438  4095  4095  4095  
   1   198    29  
1677152554 Thu Feb 23 17:12:33 2023
4095   436  4095  4095  4095  
   1   182    29  
1677152555 Thu Feb 23 17:12:34 2023
4095   434  4095  4095  4095  
   1   196    29  
1677152555 Thu Feb 23 17:12:35 2023
4095   423  4095  4095  4095  
   1   178    29  
1677152556 Thu Feb 23 17:12:36 2023
4095   435  4095  4095  4095  
   1   156    29  
1677152557 Thu Feb 23 17:12:36 2023
4095   431  4095  4095  4095  
   1   136    29  
1677152557 Thu Feb 23 17:12:37 2023
4095   422  4095  4095  4095  
   1   180    29  
1677152557 Thu Feb 23 17:12:37 2023
4095   428  4095  4095  4095  
   1   184    29  
1677152558 Thu Feb 23 17:12:38 2023
4095   427  4095  4095  4095  
   1   122    29  
1677152559 Thu Feb 23 17:12:38 2023
4095   423  4095  4095  4095  
   1   269    29  
1677152559 Thu Feb 23 17:12:39 2023
4095   417  4095  4095  4095  
   1   220    29  
1677152560 Thu Feb 23 17:12:40 2023
4095   407  4095  4095  4095  
   1   260    29  
1677152560 Thu Feb 23 17:12:40 2023
4095   434  4095  4095  4095  
   1   146    29  
1677152561 Thu Feb 23 17:12:41 2023
4095   419  4095  4095  4095  
   1   218    29  
1677152562 Thu Feb 23 17:12:41 2023
4095   424  4095  4095  4095  
   1   236    29  
1677152563 Thu Feb 23 17:12:43 2023
4095   440  4095  4095  4095  
   1   168    29  
1677152564 Thu Feb 23 17:12:43 2023
4095   407  4095  4095  4095  
   1   279    29  
1677152565 Thu Feb 23 17:12:45 2023
4095   425  4095  4095  4095  
   1   159    29  
1677152566 Thu Feb 23 17:12:45 2023
4095   401  4095  4095  4095  
   1   153    29  
1677152566 Thu Feb 23 17:12:46 2023
4095   412  4095  4095  4095  
   1   200    29  
1677152566 Thu Feb 23 17:12:46 2023
4095   420  4095  4095  4095  
   1   248    29  
1677152568 Thu Feb 23 17:12:47 2023
4095   430  4095  4095  4095  
   1   194    29  
1677152569 Thu Feb 23 17:12:48 2023
4095   436  4095  4095  4095  
   1   135    29  
1677152569 Thu Feb 23 17:12:49 2023
4095   446  4095  4095  4095  
   1   134    29  
1677152569 Thu Feb 23 17:12:49 2023
4095   437  4095  4095  4095  
   1   153    29  
1677152570 Thu Feb 23 17:12:49 2023
4095   446  4095  4095  4095  
   1   148    29  
1677152571 Thu Feb 23 17:12:51 2023
4095   387  4095  4095  4095  
   1   291    29  
1677152571 Thu Feb 23 17:12:51 2023
4095   426  4095  4095  4095  
   1   464    29  
1677152571 Thu Feb 23 17:12:51 2023
4095   408  4095  4095  4095  
   1   184    29  
1677152572 Thu Feb 23 17:12:51 2023
4095   458  4095  4095  4095  
   1   139    29  
1677152572 Thu Feb 23 17:12:52 2023
4095   429  4095  4095  4095  
   1   248    29  
1677152573 Thu Feb 23 17:12:53 2023
4095   442  4095  4095  4095  
   1   119    29  
1677152573 Thu Feb 23 17:12:53 2023
4095   436  4095  4095  4095  
   1   190    29  
1677152574 Thu Feb 23 17:12:53 2023
4095   451  4095  4095  4095  
   1   184    29  
1677152574 Thu Feb 23 17:12:54 2023
4095   429  4095  4095  4095  
   1   173    29  
1677152574 Thu Feb 23 17:12:54 2023
4095   427  4095  4095  4095  
   1   319    29  
1677152575 Thu Feb 23 17:12:55 2023
4095   419  4095  4095  4095  
   1   174    29  
1677152575 Thu Feb 23 17:12:55 2023
4095   434  4095  4095  4095  
   1   113    29  
1677152576 Thu Feb 23 17:12:56 2023
4095   418  4095  4095  4095  
   1   302    29  
1677152577 Thu Feb 23 17:12:57 2023
4095   434  4095  4095  4095  
   1   136    29  
1677152577 Thu Feb 23 17:12:57 2023
4095   433  4095  4095  4095  
   1   285    29  
1677152578 Thu Feb 23 17:12:58 2023
4095   420  4095  4095  4095  
   1   160    29  
1677152578 Thu Feb 23 17:12:58 2023
4095   433  4095  4095  4095  
   1   177    29  
1677152579 Thu Feb 23 17:12:59 2023
4095   429  4095  4095  4095  
   1   147    29  
1677152579 Thu Feb 23 17:12:59 2023
4095   392  4095  4095  4095  
   1   247    29  
1677152579 Thu Feb 23 17:12:59 2023
4095   432  4095  4095  4095  
   1   229    29  
1677152580 Thu Feb 23 17:13:00 2023
4095   439  4095  4095  4095  
   1   194    29  
1677152582 Thu Feb 23 17:13:02 2023
4095   433  4095  4095  4095  
   1   183    29  
1677152582 Thu Feb 23 17:13:02 2023
4095   427  4095  4095  4095  
   1   154    29  
1677152583 Thu Feb 23 17:13:03 2023
4095   424  4095  4095  4095  
   1   190    29  
1677152583 Thu Feb 23 17:13:03 2023
4095   406  4095  4095  4095  
   1   435    29  
1677152584 Thu Feb 23 17:13:04 2023
4095   430  4095  4095  4095  
   1   263    29  
1677152585 Thu Feb 23 17:13:04 2023
4095   393  4095  4095  4095  
   1   239    29  
1677152585 Thu Feb 23 17:13:05 2023
4095   440  4095  4095  4095  
   1   146    29  
1677152585 Thu Feb 23 17:13:05 2023
4095   428  4095  4095  4095  
   1   268    29  
1677152585 Thu Feb 23 17:13:05 2023
4095   423  4095  4095  4095  
   1   244    29  
1677152586 Thu Feb 23 17:13:05 2023
4095   412  4095  4095  4095  
   1   214    29  
1677152586 Thu Feb 23 17:13:06 2023
4095   419  4095  4095  4095  
   1   196    29  
1677152587 Thu Feb 23 17:13:07 2023
4095   428  4095  4095  4095  
   1   128    29  
1677152588 Thu Feb 23 17:13:08 2023
4095   435  4095  4095  4095  
   1   123    29  
1677152588 Thu Feb 23 17:13:08 2023
4095   422  4095  4095  4095  
   1   157    29  
1677152589 Thu Feb 23 17:13:09 2023
4095   424  4095  4095  4095  
   1   227    29  
1677152590 Thu Feb 23 17:13:10 2023
4095   429  4095  4095  4095  
   1   216    29  
1677152590 Thu Feb 23 17:13:10 2023
4095   440  4095  4095  4095  
   1   136    29  
1677152590 Thu Feb 23 17:13:10 2023
4095   425  4095  4095  4095  
   1   317    29  
1677152591 Thu Feb 23 17:13:10 2023
4095   422  4095  4095  4095  
   1   251    29  
1677152591 Thu Feb 23 17:13:11 2023
4095   432  4095  4095  4095  
   1   217    29  
1677152591 Thu Feb 23 17:13:11 2023
4095   417  4095  4095  4095  
   1   317    29  
1677152592 Thu Feb 23 17:13:12 2023
4095   429  4095  4095  4095  
   1   203    29  
1677152593 Thu Feb 23 17:13:12 2023
4095   414  4095  4095  4095  
   1   174    29  
1677152593 Thu Feb 23 17:13:13 2023
4095   416  4095  4095  4095  
   1   201    29  
1677152594 Thu Feb 23 17:13:14 2023
4095   419  4095  4095  4095  
   1   362    29  
1677152595 Thu Feb 23 17:13:14 2023
4095   423  4095  4095  4095  
   1   304    29  
1677152595 Thu Feb 23 17:13:15 2023
4095   430  4095  4095  4095  
   1   116    29  
1677152596 Thu Feb 23 17:13:16 2023
4095   439  4095  4095  4095  
   1   130    29  
1677152596 Thu Feb 23 17:13:16 2023
4095   426  4095  4095  4095  
   1   201    29  
1677152597 Thu Feb 23 17:13:16 2023
4095   435  4095  4095  4095  
   1   202    29  
1677152597 Thu Feb 23 17:13:17 2023
4095   429  4095  4095  4095  
   1   241    29  
1677152598 Thu Feb 23 17:13:17 2023
4095   456  4095  4095  4095  
   1    96    29  
1677152600 Thu Feb 23 17:13:19 2023
4095   435  4095  4095  4095  
   1   181    29  
1677152602 Thu Feb 23 17:13:22 2023
4095   427  4095  4095  4095  
   1   240    29  
1677152602 Thu Feb 23 17:13:22 2023
4095   418  4095  4095  4095  
   1   192    29  
1677152603 Thu Feb 23 17:13:22 2023
4095   427  4095  4095  4095  
   1   188    29  
1677152603 Thu Feb 23 17:13:23 2023
4095   427  4095  4095  4095  
   1   200    29  
1677152603 Thu Feb 23 17:13:23 2023
4095   425  4095  4095  4095  
   1   301    29  
1677152604 Thu Feb 23 17:13:23 2023
4095   431  4095  4095  4095  
   1   132    29  
1677152604 Thu Feb 23 17:13:24 2023
4095   431  4095  4095  4095  
   1   139    29  
1677152605 Thu Feb 23 17:13:25 2023
4095   434  4095  4095  4095  
   1   156    29  
1677152606 Thu Feb 23 17:13:26 2023
4095   418  4095  4095  4095  
   1   181    29  
1677152606 Thu Feb 23 17:13:26 2023
4095   427  4095  4095  4095  
   1   158    29  
1677152607 Thu Feb 23 17:13:26 2023
4095   428  4095  4095  4095  
   1   307    29  
1677152607 Thu Feb 23 17:13:27 2023
4095   419  4095  4095  4095  
   1   130    29  
1677152608 Thu Feb 23 17:13:27 2023
4095   433  4095  4095  4095  
   1   130    29  
1677152608 Thu Feb 23 17:13:28 2023
4095   422  4095  4095  4095  
   1   157    29  
1677152609 Thu Feb 23 17:13:28 2023
4095   427  4095  4095  4095  
   1   209    29  
1677152609 Thu Feb 23 17:13:29 2023
4095   422  4095  4095  4095  
   1   197    29  
1677152609 Thu Feb 23 17:13:29 2023
4095   434  4095  4095  4095  
   1   128    29  
1677152610 Thu Feb 23 17:13:29 2023
4095   403  4095  4095  4095  
   1   196    29  
1677152610 Thu Feb 23 17:13:30 2023
4095   440  4095  4095  4095  
   1   263    29  
1677152610 Thu Feb 23 17:13:30 2023
4095   423  4095  4095  4095  
   1   621    29  
1677152611 Thu Feb 23 17:13:31 2023
4095   343  4095  4095  4095  
   1   106    29  
1677152612 Thu Feb 23 17:13:31 2023
4095   429  4095  4095  4095  
   1   224    29  
1677152612 Thu Feb 23 17:13:32 2023
4095   432  4095  4095  4095  
   1   280    29  
1677152613 Thu Feb 23 17:13:32 2023
4095   415  4095  4095  4095  
   1   271    29  
1677152614 Thu Feb 23 17:13:33 2023
4095   414  4095  4095  4095  
   1   176    29  
1677152614 Thu Feb 23 17:13:34 2023
4095   428  4095  4095  4095  
   1   155    29  
1677152614 Thu Feb 23 17:13:34 2023
4095   424  4095  4095  4095  
   1   199    29  
1677152615 Thu Feb 23 17:13:34 2023
4095   427  4095  4095  4095  
   1   195    29  
1677152615 Thu Feb 23 17:13:35 2023
4095   438  4095  4095  4095  
   1   138    29  
1677152615 Thu Feb 23 17:13:35 2023
4095   423  4095  4095  4095  
   1   127    29  
1677152619 Thu Feb 23 17:13:39 2023
4095   435  4095  4095  4095  
   1   172    29  
1677152619 Thu Feb 23 17:13:39 2023
4095   421  4095  4095  4095  
   1   214    29  
1677152620 Thu Feb 23 17:13:40 2023
4095   423  4095  4095  4095  
   1   128    29  
1677152620 Thu Feb 23 17:13:40 2023
4095   421  4095  4095  4095  
   1   104    29  
1677152621 Thu Feb 23 17:13:40 2023
4095   416  4095  4095  4095  
   1   205    29  
1677152621 Thu Feb 23 17:13:41 2023
4095   426  4095  4095  4095  
   1   256    29  
1677152622 Thu Feb 23 17:13:42 2023
4095   422  4095  4095  4095  
   1   335    29  
1677152623 Thu Feb 23 17:13:42 2023
4095   428  4095  4095  4095  
   1   186    29  
1677152624 Thu Feb 23 17:13:43 2023
4095   426  4095  4095  4095  
   1   218    29  
1677152625 Thu Feb 23 17:13:45 2023
4095   435  4095  4095  4095  
   1    95    29  
1677152625 Thu Feb 23 17:13:45 2023
4095   415  4095  4095  4095  
   1   226    29  
1677152625 Thu Feb 23 17:13:45 2023
4095   387  4095  4095  4095  
   1   265    29  
1677152626 Thu Feb 23 17:13:45 2023
4095   452  4095  4095  4095  
   1   135    29  
1677152627 Thu Feb 23 17:13:47 2023
4095   387  4095  4095  4095  
   1   121    29  
1677152628 Thu Feb 23 17:13:48 2023
4095   417  4095  4095  4095  
   1   234    29  
1677152628 Thu Feb 23 17:13:48 2023
4095   419  4095  4095  4095  
   1   192    29  
1677152629 Thu Feb 23 17:13:48 2023
4095   385  4095  4095  4095  
   1   191    29  
1677152629 Thu Feb 23 17:13:49 2023
4095   426  4095  4095  4095  
   1   231    29  
1677152630 Thu Feb 23 17:13:50 2023
4095   429  4095  4095  4095  
   1   170    29  
1677152630 Thu Feb 23 17:13:50 2023
4095   428  4095  4095  4095  
   1   258    29  
1677152631 Thu Feb 23 17:13:51 2023
4095   393  4095  4095  4095  
   1   167    29  
1677152632 Thu Feb 23 17:13:52 2023
4095   417  4095  4095  4095  
   1   491    29  
1677152632 Thu Feb 23 17:13:52 2023
4095   431  4095  4095  4095  
   1   143    29  
1677152632 Thu Feb 23 17:13:52 2023
4095   427  4095  4095  4095  
   1   207    29  
1677152633 Thu Feb 23 17:13:53 2023
4095   430  4095  4095  4095  
   1   156    29  
1677152633 Thu Feb 23 17:13:53 2023
4095   423  4095  4095  4095  
   1   169    29  
1677152634 Thu Feb 23 17:13:54 2023
4095   382  4095  4095  4095  
   1   246    29  
