450 0 0 0 0
475 0 0 0 28
500 12 4 72 44521
525 119 37 1452 704511
550 416 120 5226 1300844
575 762 225 9940 1396718
600 1116 343 15489 1503503
625 1761 598 24843 1737606 
650 3247 1216 38580 2096967
675 6403 3246 61416 2555703
700 14886 9398 99682 3064826 
725 38012 26172 175915 3628003
750 82569 57973 313770 4134440
775 174879 117965 584083 4696185
800 187617 80951 818891 7922924
825 193734 82871 841940 7766182
850 195779 84464 856439 7620887
875 198272 85036 868423 7501167
900 180229 77754 799965 7554861
