62.070 75 37 306 50586
61.570 97 59 391 56472
61.070 87 51 439 56957
60.570 93 34 516 49104
60.070 99 49 589 56077  
59.570 116 49 939 55338
59.070 127 52 1204 53137
58.570 177 57 1320 42016 
58.070 202 51 2295 50536
57.570 266 70 20305 13675
57.070 343 98 55278 1756
56.570 358 92 47990 1373
56.070 447 140 61728 1120
55.570 549 114 62393 823
55.070 820 135 61710 632
54.570 1042 143 48000 482
54.070 1466 180 61721 395
53.570 2140 225 55144 328
53.070 19812 300 15892 232
52.570 44039 309 1580 197
52.070 61707 433 1365 170
51.570 62640 548 1004 152
51.070 61104 687 721 148
50.570 44741 871 398 949
50.070 59534 1248 344 113
49.570 58400 1487 303 91
49.070 49679 2019 246 111
48.570 11234 13587 178 61
48.070 1820 51608 127 82
47.570 1393 55450 135 97
47.070 991 56087 113 89
46.570 666 40863 100 77
46.070 546 47427 86 82
45.570 393 56542 72 75
45.070 318 53907 65 65
44.570 259 36640 57 61
44.070 246 46524 65 60
43.570 191 30080 40 53
43.070 153 18586 28 21
42.570 115 6457 27 23
