1677146198 Thu Feb 23 15:26:38 2023
4095   493  4095  4095  4095  
   1    75    29  
1677146199 Thu Feb 23 15:26:39 2023
4095  4095  4095  4095  4095  
   1    69    29  
1677146199 Thu Feb 23 15:26:39 2023
4095  4095  4095  4095  4095  
   1    68    29  
1677146200 Thu Feb 23 15:26:39 2023
4095  4095  4095  4095  4095  
   1    66    29  
1677146200 Thu Feb 23 15:26:40 2023
4095  4095  4095  4095  4095  
   1    71    29  
1677146200 Thu Feb 23 15:26:40 2023
4095  4095  4095  4095  4095  
   1    76    29  
1677146201 Thu Feb 23 15:26:41 2023
4095   484  4095  4095  4095  
   1   105    29  
1677146202 Thu Feb 23 15:26:42 2023
4095  4095  4095  4095  4095  
   1    65    29  
1677146202 Thu Feb 23 15:26:42 2023
4095  4095  4095  4095  4095  
   1    65    29  
1677146203 Thu Feb 23 15:26:43 2023
4095  4095  4095  4095  4095  
   1    61    29  
1677146204 Thu Feb 23 15:26:44 2023
4095  4095  4095  4095  4095  
   1    55    29  
1677146204 Thu Feb 23 15:26:44 2023
4095  4095  4095  4095  4095  
   1    66    29  
1677146205 Thu Feb 23 15:26:44 2023
4095  4095  4095  4095  4095  
   1    76    29  
1677146206 Thu Feb 23 15:26:46 2023
4095  4095  4095  4095  4095  
   1    63    29  
1677146207 Thu Feb 23 15:26:47 2023
4095  4095  4095  4095  4095  
   1    72    29  
1677146207 Thu Feb 23 15:26:47 2023
4095  4095  4095  4095  4095  
   1    78    29  
1677146208 Thu Feb 23 15:26:47 2023
4095  4095  4095  4095  4095  
   1    74    29  
1677146208 Thu Feb 23 15:26:48 2023
4095   503  4095  4095  4095  
   1    88    29  
1677146208 Thu Feb 23 15:26:48 2023
4095  4095  4095  4095  4095  
   1    76    29  
1677146209 Thu Feb 23 15:26:48 2023
4095  4095  4095  4095  4095  
   1    73    29  
1677146209 Thu Feb 23 15:26:49 2023
4095  4095  4095  4095  4095  
   1    77    29  
1677146209 Thu Feb 23 15:26:49 2023
4095  4095  4095  4095  4095  
   1    64    29  
1677146210 Thu Feb 23 15:26:49 2023
4095   498  4095  4095  4095  
   1    83    29  
1677146210 Thu Feb 23 15:26:50 2023
4095  4095  4095  4095  4095  
   1    73    29  
1677146212 Thu Feb 23 15:26:52 2023
4095  4095  4095  4095  4095  
   1    69    29  
1677146213 Thu Feb 23 15:26:52 2023
4095  4095  4095  4095  4095  
   1    79    29  
1677146213 Thu Feb 23 15:26:53 2023
4095   471  4095  4095  4095  
   1    93    29  
1677146214 Thu Feb 23 15:26:53 2023
4095  4095  4095  4095  4095  
   1    76    29  
1677146214 Thu Feb 23 15:26:54 2023
4095   499  4095  4095  4095  
   1    85    29  
1677146214 Thu Feb 23 15:26:54 2023
4095   497  4095  4095  4095  
   1    79    29  
1677146216 Thu Feb 23 15:26:56 2023
4095  4095  4095  4095  4095  
   1    66    29  
1677146216 Thu Feb 23 15:26:56 2023
4095  4095  4095  4095  4095  
   1    62    29  
1677146217 Thu Feb 23 15:26:57 2023
4095   489  4095  4095  4095  
   1    84    29  
1677146217 Thu Feb 23 15:26:57 2023
4095  4095  4095  4095  4095  
   1    68    29  
1677146218 Thu Feb 23 15:26:58 2023
4095  4095  4095  4095  4095  
   1    67    29  
1677146218 Thu Feb 23 15:26:58 2023
4095  4095  4095  4095  4095  
   1    66    29  
1677146219 Thu Feb 23 15:26:59 2023
4095  4095  4095  4095  4095  
   1    59    29  
1677146219 Thu Feb 23 15:26:59 2023
4095  4095  4095  4095  4095  
   1    61    29  
1677146220 Thu Feb 23 15:26:59 2023
4095  4095  4095  4095  4095  
   1    74    29  
1677146220 Thu Feb 23 15:27:00 2023
4095  4095  4095  4095  4095  
   1    80    29  
1677146220 Thu Feb 23 15:27:00 2023
4095   484  4095  4095  4095  
   1    90    29  
1677146221 Thu Feb 23 15:27:01 2023
4095  4095  4095  4095  4095  
   1    70    29  
1677146222 Thu Feb 23 15:27:01 2023
4095  4095  4095  4095  4095  
   1    66    29  
1677146222 Thu Feb 23 15:27:02 2023
4095   471  4095  4095  4095  
   1   131    29  
1677146223 Thu Feb 23 15:27:03 2023
4095  4095  4095  4095  4095  
   1    70    29  
1677146224 Thu Feb 23 15:27:03 2023
4095   492  4095  4095  4095  
   1    73    29  
1677146224 Thu Feb 23 15:27:04 2023
4095  4095  4095  4095  4095  
   1    59    29  
1677146224 Thu Feb 23 15:27:04 2023
4095  4095  4095  4095  4095  
   1    73    29  
1677146225 Thu Feb 23 15:27:05 2023
4095  4095  4095  4095  4095  
   1    67    29  
1677146226 Thu Feb 23 15:27:06 2023
4095  4095  4095  4095  4095  
   1    74    29  
1677146226 Thu Feb 23 15:27:06 2023
4095   482  4095  4095  4095  
   1    88    29  
1677146226 Thu Feb 23 15:27:06 2023
4095  4095  4095  4095  4095  
   1    64    29  
1677146227 Thu Feb 23 15:27:07 2023
4095  4095  4095  4095  4095  
   1    69    29  
1677146227 Thu Feb 23 15:27:07 2023
4095   487  4095  4095  4095  
   1    79    29  
1677146228 Thu Feb 23 15:27:07 2023
4095  4095  4095  4095  4095  
   1    68    29  
1677146228 Thu Feb 23 15:27:08 2023
4095   492  4095  4095  4095  
   1    87    29  
1677146229 Thu Feb 23 15:27:09 2023
4095  4095  4095  4095  4095  
   1    68    29  
1677146229 Thu Feb 23 15:27:09 2023
4095  4095  4095  4095  4095  
   1    78    29  
1677146230 Thu Feb 23 15:27:09 2023
4095  4095  4095  4095  4095  
   1    70    29  
1677146230 Thu Feb 23 15:27:10 2023
4095  4095  4095  4095  4095  
   1    72    29  
1677146231 Thu Feb 23 15:27:11 2023
4095  4095  4095  4095  4095  
   1    70    29  
1677146231 Thu Feb 23 15:27:11 2023
4095   532  4095  4095  4095  
   1    80    29  
1677146231 Thu Feb 23 15:27:11 2023
4095  4095  4095  4095  4095  
   1    72    29  
1677146233 Thu Feb 23 15:27:12 2023
4095  4095  4095  4095  4095  
   1    74    29  
1677146233 Thu Feb 23 15:27:13 2023
4095  4095  4095  4095  4095  
   1    81    29  
1677146234 Thu Feb 23 15:27:13 2023
4095  4095  4095  4095  4095  
   1    76    29  
1677146235 Thu Feb 23 15:27:14 2023
4095   480  4095  4095  4095  
   1    81    29  
1677146235 Thu Feb 23 15:27:15 2023
4095  4095  4095  4095  4095  
   1    71    29  
1677146235 Thu Feb 23 15:27:15 2023
4095  4095  4095  4095  4095  
   1    61    29  
1677146236 Thu Feb 23 15:27:15 2023
4095   469  4095  4095  4095  
   1    81    29  
1677146236 Thu Feb 23 15:27:16 2023
4095  4095  4095  4095  4095  
   1    64    29  
1677146236 Thu Feb 23 15:27:16 2023
4095  4095  4095  4095  4095  
   1    59    29  
1677146237 Thu Feb 23 15:27:17 2023
4095   487  4095  4095  4095  
   1    91    29  
1677146238 Thu Feb 23 15:27:17 2023
4095  4095  4095  4095  4095  
   1    84    29  
1677146238 Thu Feb 23 15:27:18 2023
4095  4095  4095  4095  4095  
   1    68    29  
1677146238 Thu Feb 23 15:27:18 2023
4095   496  4095  4095  4095  
   1    88    29  
1677146239 Thu Feb 23 15:27:18 2023
4095  4095  4095  4095  4095  
   1    77    29  
1677146240 Thu Feb 23 15:27:19 2023
4095  4095  4095  4095  4095  
   1    69    29  
1677146241 Thu Feb 23 15:27:20 2023
4095  4095  4095  4095  4095  
   1    68    29  
1677146241 Thu Feb 23 15:27:21 2023
4095   489  4095  4095  4095  
   1    84    29  
1677146241 Thu Feb 23 15:27:21 2023
4095  4095  4095  4095  4095  
   1    61    29  
1677146242 Thu Feb 23 15:27:22 2023
4095   478  4095  4095  4095  
   1    95    29  
1677146242 Thu Feb 23 15:27:22 2023
4095  4095  4095  4095  4095  
   1    68    29  
1677146243 Thu Feb 23 15:27:23 2023
4095   474  4095  4095  4095  
   1    84    29  
1677146244 Thu Feb 23 15:27:24 2023
4095  4095  4095  4095  4095  
   1    72    29  
1677146244 Thu Feb 23 15:27:24 2023
4095  4095  4095  4095  4095  
   1    76    29  
1677146246 Thu Feb 23 15:27:25 2023
4095  4095  4095  4095  4095  
   1    81    29  
1677146246 Thu Feb 23 15:27:26 2023
4095   492  4095  4095  4095  
   1    87    29  
1677146247 Thu Feb 23 15:27:26 2023
4095   486  4095  4095  4095  
   1    79    29  
1677146247 Thu Feb 23 15:27:27 2023
4095  4095  4095  4095  4095  
   1    66    29  
1677146247 Thu Feb 23 15:27:27 2023
4095  4095  4095  4095  4095  
   1    70    29  
1677146247 Thu Feb 23 15:27:27 2023
4095  4095  4095  4095  4095  
   1    77    29  
1677146248 Thu Feb 23 15:27:27 2023
4095  4095  4095  4095  4095  
   1    69    29  
1677146248 Thu Feb 23 15:27:28 2023
4095  4095  4095  4095  4095  
   1    71    29  
1677146249 Thu Feb 23 15:27:28 2023
4095   479  4095  4095  4095  
   1    81    29  
1677146250 Thu Feb 23 15:27:29 2023
4095  4095  4095  4095  4095  
   1    66    29  
1677146250 Thu Feb 23 15:27:30 2023
4095   465  4095  4095  4095  
   1   102    29  
1677146250 Thu Feb 23 15:27:30 2023
4095  4095  4095  4095  4095  
   1    62    29  
1677146251 Thu Feb 23 15:27:31 2023
4095  4095  4095  4095  4095  
   1    63    29  
1677146252 Thu Feb 23 15:27:31 2023
4095  4095  4095  4095  4095  
   1    70    29  
1677146252 Thu Feb 23 15:27:32 2023
4095   474  4095  4095  4095  
   1   181    29  
1677146253 Thu Feb 23 15:27:32 2023
4095  4095  4095  4095  4095  
   1    52    29  
1677146254 Thu Feb 23 15:27:33 2023
4095   514  4095  4095  4095  
   1    76    29  
1677146254 Thu Feb 23 15:27:34 2023
4095  4095  4095  4095  4095  
   1    78    29  
1677146254 Thu Feb 23 15:27:34 2023
4095  4095  4095  4095  4095  
   1    60    29  
1677146257 Thu Feb 23 15:27:36 2023
4095  4095  4095  4095  4095  
   1    72    29  
1677146257 Thu Feb 23 15:27:37 2023
4095  4095  4095  4095  4095  
   1    60    29  
1677146257 Thu Feb 23 15:27:37 2023
4095  4095  4095  4095  4095  
   1    68    29  
1677146258 Thu Feb 23 15:27:38 2023
4095  4095  4095  4095  4095  
   1    71    29  
1677146259 Thu Feb 23 15:27:38 2023
4095  4095  4095  4095  4095  
   1    80    29  
1677146259 Thu Feb 23 15:27:39 2023
4095  4095  4095  4095  4095  
   1    71    29  
1677146259 Thu Feb 23 15:27:39 2023
4095  4095  4095  4095  4095  
   1    70    29  
1677146260 Thu Feb 23 15:27:39 2023
4095  4095  4095  4095  4095  
   1    73    29  
1677146261 Thu Feb 23 15:27:41 2023
4095   474  4095  4095  4095  
   1   158    29  
1677146261 Thu Feb 23 15:27:41 2023
4095  4095  4095  4095  4095  
   1    81    29  
1677146263 Thu Feb 23 15:27:43 2023
4095  4095  4095  4095  4095  
   1    71    29  
1677146264 Thu Feb 23 15:27:44 2023
4095  4095  4095  4095  4095  
   1    65    29  
1677146264 Thu Feb 23 15:27:44 2023
4095  4095  4095  4095  4095  
   1    57    29  
1677146265 Thu Feb 23 15:27:45 2023
4095  4095  4095  4095  4095  
   1    77    29  
1677146266 Thu Feb 23 15:27:45 2023
4095  4095  4095  4095  4095  
   1    44    29  
1677146266 Thu Feb 23 15:27:46 2023
4095  4095  4095  4095  4095  
   1    73    29  
1677146266 Thu Feb 23 15:27:46 2023
4095  4095  4095  4095  4095  
   1    75    29  
1677146267 Thu Feb 23 15:27:47 2023
4095  4095  4095  4095  4095  
   1    64    29  
1677146267 Thu Feb 23 15:27:47 2023
4095   504  4095  4095  4095  
   1    76    29  
1677146268 Thu Feb 23 15:27:48 2023
4095   498  4095  4095  4095  
   1    87    29  
1677146268 Thu Feb 23 15:27:48 2023
4095   514  4095  4095  4095  
   1    86    29  
1677146269 Thu Feb 23 15:27:48 2023
4095   508  4095  4095  4095  
   1    88    29  
1677146269 Thu Feb 23 15:27:49 2023
4095   481  4095  4095  4095  
   1    96    29  
1677146270 Thu Feb 23 15:27:50 2023
4095  4095  4095  4095  4095  
   1    62    29  
1677146271 Thu Feb 23 15:27:50 2023
4095  4095  4095  4095  4095  
   1    66    29  
1677146271 Thu Feb 23 15:27:51 2023
4095  4095  4095  4095  4095  
   1    55    29  
1677146272 Thu Feb 23 15:27:52 2023
4095   469  4095  4095  4095  
   1    95    29  
1677146272 Thu Feb 23 15:27:52 2023
4095  4095  4095  4095  4095  
   1    60    29  
1677146273 Thu Feb 23 15:27:53 2023
4095   476  4095  4095  4095  
   1   114    29  
1677146273 Thu Feb 23 15:27:53 2023
4095  4095  4095  4095  4095  
   1    66    29  
1677146274 Thu Feb 23 15:27:54 2023
4095  4095  4095  4095  4095  
   1    72    29  
1677146275 Thu Feb 23 15:27:55 2023
4095  4095  4095  4095  4095  
   1    69    29  
1677146276 Thu Feb 23 15:27:56 2023
4095  4095  4095  4095  4095  
   1    52    29  
1677146276 Thu Feb 23 15:27:56 2023
4095   481  4095  4095  4095  
   1    91    29  
1677146277 Thu Feb 23 15:27:57 2023
4095  4095  4095  4095  4095  
   1    62    29  
1677146278 Thu Feb 23 15:27:57 2023
4095   477  4095  4095  4095  
   1    97    29  
1677146278 Thu Feb 23 15:27:58 2023
4095  4095  4095  4095  4095  
   1    73    29  
1677146278 Thu Feb 23 15:27:58 2023
4095  4095  4095  4095  4095  
   1    65    29  
1677146279 Thu Feb 23 15:27:58 2023
4095   470  4095  4095  4095  
   1    89    29  
1677146279 Thu Feb 23 15:27:59 2023
4095  4095  4095  4095  4095  
   1    71    29  
1677146281 Thu Feb 23 15:28:01 2023
4095  4095  4095  4095  4095  
   1    62    29  
1677146281 Thu Feb 23 15:28:01 2023
4095  4095  4095  4095  4095  
   1    78    29  
1677146282 Thu Feb 23 15:28:02 2023
4095  4095  4095  4095  4095  
   1    67    29  
1677146283 Thu Feb 23 15:28:03 2023
4095   499  4095  4095  4095  
   1    82    29  
1677146284 Thu Feb 23 15:28:04 2023
4095  4095  4095  4095  4095  
   1    66    29  
1677146284 Thu Feb 23 15:28:04 2023
4095  4095  4095  4095  4095  
   1    71    29  
1677146286 Thu Feb 23 15:28:06 2023
4095  4095  4095  4095  4095  
   1    74    29  
1677146286 Thu Feb 23 15:28:06 2023
4095   489  4095  4095  4095  
   1    91    29  
1677146287 Thu Feb 23 15:28:06 2023
4095   464  4095  4095  4095  
   1   128    29  
1677146287 Thu Feb 23 15:28:07 2023
4095  4095  4095  4095  4095  
   1    66    29  
1677146287 Thu Feb 23 15:28:07 2023
4095  4095  4095  4095  4095  
   1    76    29  
1677146289 Thu Feb 23 15:28:08 2023
4095  4095  4095  4095  4095  
   1    77    29  
1677146289 Thu Feb 23 15:28:09 2023
4095  4095  4095  4095  4095  
   1    76    29  
1677146290 Thu Feb 23 15:28:10 2023
4095   493  4095  4095  4095  
   1    97    29  
1677146291 Thu Feb 23 15:28:11 2023
4095  4095  4095  4095  4095  
   1    71    29  
1677146292 Thu Feb 23 15:28:12 2023
4095  4095  4095  4095  4095  
   1    65    29  
1677146293 Thu Feb 23 15:28:13 2023
4095  4095  4095  4095  4095  
   1    57    29  
1677146294 Thu Feb 23 15:28:13 2023
4095  4095  4095  4095  4095  
   1    62    29  
1677146294 Thu Feb 23 15:28:14 2023
4095   485  4095  4095  4095  
   1    80    29  
1677146295 Thu Feb 23 15:28:14 2023
4095  4095  4095  4095  4095  
   1    67    29  
1677146295 Thu Feb 23 15:28:15 2023
4095  4095  4095  4095  4095  
   1    69    29  
1677146295 Thu Feb 23 15:28:15 2023
4095  4095  4095  4095  4095  
   1    63    29  
1677146296 Thu Feb 23 15:28:16 2023
4095  4095  4095  4095  4095  
   1    64    29  
1677146296 Thu Feb 23 15:28:16 2023
4095  4095  4095  4095  4095  
   1    68    29  
1677146297 Thu Feb 23 15:28:16 2023
4095  4095  4095  4095  4095  
   1    79    29  
1677146297 Thu Feb 23 15:28:17 2023
4095  4095  4095  4095  4095  
   1    62    29  
1677146298 Thu Feb 23 15:28:17 2023
4095  4095  4095  4095  4095  
   1    71    29  
1677146298 Thu Feb 23 15:28:18 2023
4095  4095  4095  4095  4095  
   1    65    29  
1677146300 Thu Feb 23 15:28:19 2023
4095  4095  4095  4095  4095  
   1    71    29  
1677146300 Thu Feb 23 15:28:20 2023
4095  4095  4095  4095  4095  
   1    64    29  
1677146300 Thu Feb 23 15:28:20 2023
4095  4095  4095  4095  4095  
   1    74    29  
1677146301 Thu Feb 23 15:28:20 2023
4095  4095  4095  4095  4095  
   1    68    29  
1677146301 Thu Feb 23 15:28:21 2023
4095  4095  4095  4095  4095  
   1    78    29  
1677146302 Thu Feb 23 15:28:21 2023
4095  4095  4095  4095  4095  
   1    69    29  
1677146302 Thu Feb 23 15:28:22 2023
4095  4095  4095  4095  4095  
   1    78    29  
1677146303 Thu Feb 23 15:28:22 2023
4095  4095  4095  4095  4095  
   1    75    29  
1677146304 Thu Feb 23 15:28:24 2023
4095  4095  4095  4095  4095  
   1    69    29  
1677146305 Thu Feb 23 15:28:25 2023
4095  4095  4095  4095  4095  
   1    66    29  
1677146306 Thu Feb 23 15:28:25 2023
4095   580  4095  4095  4095  
   1    91    29  
1677146306 Thu Feb 23 15:28:26 2023
4095  4095  4095  4095  4095  
   1    73    29  
1677146306 Thu Feb 23 15:28:26 2023
4095  4095  4095  4095  4095  
   1    61    29  
1677146306 Thu Feb 23 15:28:26 2023
4095   460  4095  4095  4095  
   1    95    29  
1677146307 Thu Feb 23 15:28:26 2023
4095  4095  4095  4095  4095  
   1    59    29  
1677146308 Thu Feb 23 15:28:27 2023
4095  4095  4095  4095  4095  
   1    70    29  
1677146308 Thu Feb 23 15:28:28 2023
4095   465  4095  4095  4095  
   1   229    29  
1677146309 Thu Feb 23 15:28:29 2023
4095   486  4095  4095  4095  
   1   101    29  
1677146309 Thu Feb 23 15:28:29 2023
4095  4095  4095  4095  4095  
   1    74    29  
1677146310 Thu Feb 23 15:28:29 2023
4095  4095  4095  4095  4095  
   1    80    29  
1677146310 Thu Feb 23 15:28:30 2023
4095  4095  4095  4095  4095  
   1    61    29  
1677146311 Thu Feb 23 15:28:30 2023
4095  4095  4095  4095  4095  
   1    59    29  
1677146311 Thu Feb 23 15:28:31 2023
4095  4095  4095  4095  4095  
   1    64    29  
1677146313 Thu Feb 23 15:28:33 2023
4095   485  4095  4095  4095  
   1    84    29  
1677146314 Thu Feb 23 15:28:34 2023
4095  4095  4095  4095  4095  
   1    75    29  
1677146315 Thu Feb 23 15:28:35 2023
4095  4095  4095  4095  4095  
   1    63    29  
1677146315 Thu Feb 23 15:28:35 2023
4095  4095  4095  4095  4095  
   1    71    29  
1677146316 Thu Feb 23 15:28:35 2023
4095   492  4095  4095  4095  
   1    81    29  
1677146316 Thu Feb 23 15:28:36 2023
4095  4095  4095  4095  4095  
   1    69    29  
1677146316 Thu Feb 23 15:28:36 2023
4095   470  4095  4095  4095  
   1   137    29  
1677146317 Thu Feb 23 15:28:36 2023
4095  4095  4095  4095  4095  
   1    68    29  
1677146317 Thu Feb 23 15:28:37 2023
4095   480  4095  4095  4095  
   1    90    29  
1677146318 Thu Feb 23 15:28:38 2023
4095  4095  4095  4095  4095  
   1    72    29  
1677146319 Thu Feb 23 15:28:39 2023
4095  4095  4095  4095  4095  
   1    72    29  
1677146320 Thu Feb 23 15:28:39 2023
4095  4095  4095  4095  4095  
   1    67    29  
1677146321 Thu Feb 23 15:28:40 2023
4095  4095  4095  4095  4095  
   1    65    29  
1677146321 Thu Feb 23 15:28:41 2023
4095  4095  4095  4095  4095  
   1    64    29  
1677146321 Thu Feb 23 15:28:41 2023
4095   481  4095  4095  4095  
   1    85    29  
1677146322 Thu Feb 23 15:28:42 2023
4095  4095  4095  4095  4095  
   1    81    29  
1677146324 Thu Feb 23 15:28:44 2023
4095  4095  4095  4095  4095  
   1    66    29  
1677146324 Thu Feb 23 15:28:44 2023
4095  4095  4095  4095  4095  
   1    73    29  
1677146326 Thu Feb 23 15:28:46 2023
4095  4095  4095  4095  4095  
   1    74    29  
1677146327 Thu Feb 23 15:28:46 2023
4095  4095  4095  4095  4095  
   1    70    29  
1677146327 Thu Feb 23 15:28:47 2023
4095  4095  4095  4095  4095  
   1    73    29  
1677146328 Thu Feb 23 15:28:47 2023
4095  4095  4095  4095  4095  
   1    59    29  
1677146329 Thu Feb 23 15:28:49 2023
4095  4095  4095  4095  4095  
   1    68    29  
1677146329 Thu Feb 23 15:28:49 2023
4095  4095  4095  4095  4095  
   1    55    29  
1677146329 Thu Feb 23 15:28:49 2023
4095  4095  4095  4095  4095  
   1    63    29  
1677146329 Thu Feb 23 15:28:49 2023
4095  4095  4095  4095  4095  
   1    68    29  
1677146330 Thu Feb 23 15:28:50 2023
4095   446  4095  4095  4095  
   1    96    29  
1677146330 Thu Feb 23 15:28:50 2023
4095  4095  4095  4095  4095  
   1    64    29  
1677146331 Thu Feb 23 15:28:51 2023
4095  4095  4095  4095  4095  
   1    82    29  
1677146331 Thu Feb 23 15:28:51 2023
4095  4095  4095  4095  4095  
   1    57    29  
1677146332 Thu Feb 23 15:28:51 2023
4095  4095  4095  4095  4095  
   1    67    29  
1677146334 Thu Feb 23 15:28:53 2023
4095   500  4095  4095  4095  
   1    82    29  
1677146334 Thu Feb 23 15:28:54 2023
4095  4095  4095  4095  4095  
   1    69    29  
1677146334 Thu Feb 23 15:28:54 2023
4095  4095  4095  4095  4095  
   1    65    29  
1677146334 Thu Feb 23 15:28:54 2023
4095  4095  4095  4095  4095  
   1    82    29  
1677146334 Thu Feb 23 15:28:54 2023
4095  4095  4095  4095  4095  
   1    78    29  
1677146335 Thu Feb 23 15:28:54 2023
4095   489  4095  4095  4095  
   1    89    29  
1677146336 Thu Feb 23 15:28:56 2023
4095   471  4095  4095  4095  
   1    82    29  
1677146336 Thu Feb 23 15:28:56 2023
4095  4095  4095  4095  4095  
   1    57    29  
1677146336 Thu Feb 23 15:28:56 2023
4095  4095  4095  4095  4095  
   1    76    29  
1677146337 Thu Feb 23 15:28:57 2023
4095   487  4095  4095  4095  
   1    82    29  
1677146338 Thu Feb 23 15:28:58 2023
4095  4095  4095  4095  4095  
   1    53    29  
1677146338 Thu Feb 23 15:28:58 2023
4095   491  4095  4095  4095  
   1   100    29  
1677146338 Thu Feb 23 15:28:58 2023
4095  4095  4095  4095  4095  
   1    71    29  
1677146339 Thu Feb 23 15:28:59 2023
4095  4095  4095  4095  4095  
   1    60    29  
1677146340 Thu Feb 23 15:28:59 2023
4095   476  4095  4095  4095  
   1    85    29  
1677146340 Thu Feb 23 15:29:00 2023
4095  4095  4095  4095  4095  
   1    79    29  
1677146341 Thu Feb 23 15:29:00 2023
4095  4095  4095  4095  4095  
   1    77    29  
1677146341 Thu Feb 23 15:29:01 2023
4095   479  4095  4095  4095  
   1   142    29  
1677146342 Thu Feb 23 15:29:02 2023
4095  4095  4095  4095  4095  
   1    75    29  
1677146343 Thu Feb 23 15:29:03 2023
4095  4095  4095  4095  4095  
   1    65    29  
1677146344 Thu Feb 23 15:29:03 2023
4095   539  4095  4095  4095  
   1    83    29  
1677146344 Thu Feb 23 15:29:04 2023
4095   470  4095  4095  4095  
   1   128    29  
1677146345 Thu Feb 23 15:29:04 2023
4095  4095  4095  4095  4095  
   1    69    29  
1677146345 Thu Feb 23 15:29:05 2023
4095   493  4095  4095  4095  
   1   101    29  
1677146346 Thu Feb 23 15:29:06 2023
4095  4095  4095  4095  4095  
   1    75    29  
1677146347 Thu Feb 23 15:29:07 2023
4095  4095  4095  4095  4095  
   1    78    29  
1677146348 Thu Feb 23 15:29:07 2023
4095  4095  4095  4095  4095  
   1    79    29  
1677146350 Thu Feb 23 15:29:09 2023
4095   486  4095  4095  4095  
   1   103    29  
1677146350 Thu Feb 23 15:29:10 2023
4095  4095  4095  4095  4095  
   1    76    29  
1677146351 Thu Feb 23 15:29:11 2023
4095   490  4095  4095  4095  
   1    84    29  
1677146352 Thu Feb 23 15:29:11 2023
4095   494  4095  4095  4095  
   1    78    29  
1677146352 Thu Feb 23 15:29:12 2023
4095  4095  4095  4095  4095  
   1    56    29  
1677146353 Thu Feb 23 15:29:13 2023
4095  4095  4095  4095  4095  
   1    83    29  
1677146353 Thu Feb 23 15:29:13 2023
4095   499  4095  4095  4095  
   1    93    29  
1677146354 Thu Feb 23 15:29:13 2023
4095  4095  4095  4095  4095  
   1    64    29  
1677146356 Thu Feb 23 15:29:16 2023
4095  4095  4095  4095  4095  
   1    73    29  
1677146356 Thu Feb 23 15:29:16 2023
4095  4095  4095  4095  4095  
   1    70    29  
1677146357 Thu Feb 23 15:29:17 2023
4095  4095  4095  4095  4095  
   1    67    29  
1677146358 Thu Feb 23 15:29:17 2023
4095  4095  4095  4095  4095  
   1    65    29  
1677146359 Thu Feb 23 15:29:19 2023
4095  4095  4095  4095  4095  
   1    81    29  
1677146359 Thu Feb 23 15:29:19 2023
4095  4095  4095  4095  4095  
   1    60    29  
1677146360 Thu Feb 23 15:29:19 2023
4095  4095  4095  4095  4095  
   1    58    29  
1677146360 Thu Feb 23 15:29:20 2023
4095  4095  4095  4095  4095  
   1    69    29  
1677146360 Thu Feb 23 15:29:20 2023
4095   481  4095  4095  4095  
   1    93    29  
1677146361 Thu Feb 23 15:29:20 2023
4095  4095  4095  4095  4095  
   1    66    29  
1677146362 Thu Feb 23 15:29:22 2023
4095  4095  4095  4095  4095  
   1    62    29  
1677146362 Thu Feb 23 15:29:22 2023
4095  4095  4095  4095  4095  
   1    77    29  
1677146363 Thu Feb 23 15:29:23 2023
4095  4095  4095  4095  4095  
   1    65    29  
1677146364 Thu Feb 23 15:29:24 2023
4095  4095  4095  4095  4095  
   1    77    29  
1677146364 Thu Feb 23 15:29:24 2023
4095  4095  4095  4095  4095  
   1    63    29  
1677146365 Thu Feb 23 15:29:25 2023
4095   448  4095  4095  4095  
   1   109    29  
1677146366 Thu Feb 23 15:29:26 2023
4095  4095  4095  4095  4095  
   1    58    29  
1677146368 Thu Feb 23 15:29:27 2023
4095  4095  4095  4095  4095  
   1    71    29  
1677146368 Thu Feb 23 15:29:28 2023
4095   483  4095  4095  4095  
   1    88    29  
1677146369 Thu Feb 23 15:29:28 2023
4095  4095  4095  4095  4095  
   1    72    29  
1677146369 Thu Feb 23 15:29:29 2023
4095  4095  4095  4095  4095  
   1    75    29  
1677146369 Thu Feb 23 15:29:29 2023
4095  4095  4095  4095  4095  
   1    67    29  
1677146371 Thu Feb 23 15:29:30 2023
4095  4095  4095  4095  4095  
   1    71    29  
1677146371 Thu Feb 23 15:29:31 2023
4095   472  4095  4095  4095  
   1    95    29  
1677146371 Thu Feb 23 15:29:31 2023
4095   481  4095  4095  4095  
   1    94    29  
1677146373 Thu Feb 23 15:29:32 2023
4095  4095  4095  4095  4095  
   1    73    29  
1677146373 Thu Feb 23 15:29:33 2023
4095  4095  4095  4095  4095  
   1    73    29  
1677146374 Thu Feb 23 15:29:34 2023
4095   492  4095  4095  4095  
   1    87    29  
1677146375 Thu Feb 23 15:29:35 2023
4095  4095  4095  4095  4095  
   1    67    29  
1677146376 Thu Feb 23 15:29:35 2023
4095   492  4095  4095  4095  
   1   100    29  
1677146376 Thu Feb 23 15:29:36 2023
4095  4095  4095  4095  4095  
   1    59    29  
1677146376 Thu Feb 23 15:29:36 2023
4095  4095  4095  4095  4095  
   1    63    29  
1677146377 Thu Feb 23 15:29:37 2023
4095  4095  4095  4095  4095  
   1    61    29  
1677146377 Thu Feb 23 15:29:37 2023
4095  4095  4095  4095  4095  
   1    72    29  
1677146378 Thu Feb 23 15:29:37 2023
4095  4095  4095  4095  4095  
   1    70    29  
1677146378 Thu Feb 23 15:29:38 2023
4095  4095  4095  4095  4095  
   1    64    29  
1677146378 Thu Feb 23 15:29:38 2023
4095  4095  4095  4095  4095  
   1    77    29  
1677146379 Thu Feb 23 15:29:39 2023
4095  4095  4095  4095  4095  
   1    77    29  
1677146379 Thu Feb 23 15:29:39 2023
4095  4095  4095  4095  4095  
   1    74    29  
1677146379 Thu Feb 23 15:29:39 2023
4095  4095  4095  4095  4095  
   1    61    29  
1677146380 Thu Feb 23 15:29:39 2023
4095  4095  4095  4095  4095  
   1    75    29  
1677146380 Thu Feb 23 15:29:40 2023
4095  4095  4095  4095  4095  
   1    68    29  
1677146380 Thu Feb 23 15:29:40 2023
4095   457  4095  4095  4095  
   1   124    29  
1677146381 Thu Feb 23 15:29:41 2023
4095   546  4095  4095  4095  
   1    82    29  
1677146381 Thu Feb 23 15:29:41 2023
4095   471  4095  4095  4095  
   1   109    29  
1677146382 Thu Feb 23 15:29:42 2023
4095  4095  4095  4095  4095  
   1    72    29  
1677146382 Thu Feb 23 15:29:42 2023
4095   473  4095  4095  4095  
   1   103    29  
1677146384 Thu Feb 23 15:29:43 2023
4095   481  4095  4095  4095  
   1    82    29  
1677146385 Thu Feb 23 15:29:45 2023
4095  4095  4095  4095  4095  
   1    70    29  
1677146386 Thu Feb 23 15:29:46 2023
4095  4095  4095  4095  4095  
   1    69    29  
1677146387 Thu Feb 23 15:29:46 2023
4095  4095  4095  4095  4095  
   1    67    29  
1677146387 Thu Feb 23 15:29:47 2023
4095   481  4095  4095  4095  
   1    97    29  
1677146387 Thu Feb 23 15:29:47 2023
4095  4095  4095  4095  4095  
   1    73    29  
1677146389 Thu Feb 23 15:29:48 2023
4095  4095  4095  4095  4095  
   1    53    29  
1677146389 Thu Feb 23 15:29:49 2023
4095  4095  4095  4095  4095  
   1    72    29  
1677146390 Thu Feb 23 15:29:49 2023
4095  4095  4095  4095  4095  
   1    70    29  
1677146391 Thu Feb 23 15:29:50 2023
4095  4095  4095  4095  4095  
   1    73    29  
1677146391 Thu Feb 23 15:29:51 2023
4095  4095  4095  4095  4095  
   1    65    29  
1677146391 Thu Feb 23 15:29:51 2023
4095  4095  4095  4095  4095  
   1    75    29  
1677146392 Thu Feb 23 15:29:52 2023
4095  4095  4095  4095  4095  
   1    66    29  
1677146392 Thu Feb 23 15:29:52 2023
4095  4095  4095  4095  4095  
   1    68    29  
1677146393 Thu Feb 23 15:29:53 2023
4095  4095  4095  4095  4095  
   1    70    29  
1677146393 Thu Feb 23 15:29:53 2023
4095  4095  4095  4095  4095  
   1    85    29  
1677146394 Thu Feb 23 15:29:53 2023
4095  4095  4095  4095  4095  
   1    74    29  
1677146394 Thu Feb 23 15:29:54 2023
4095   492  4095  4095  4095  
   1    90    29  
1677146394 Thu Feb 23 15:29:54 2023
4095  4095  4095  4095  4095  
   1    69    29  
1677146395 Thu Feb 23 15:29:55 2023
4095  4095  4095  4095  4095  
   1    67    29  
1677146395 Thu Feb 23 15:29:55 2023
4095  4095  4095  4095  4095  
   1    83    29  
1677146396 Thu Feb 23 15:29:56 2023
4095  4095  4095  4095  4095  
   1    44    29  
1677146396 Thu Feb 23 15:29:56 2023
4095  4095  4095  4095  4095  
   1    64    29  
1677146396 Thu Feb 23 15:29:56 2023
4095  4095  4095  4095  4095  
   1    60    29  
1677146397 Thu Feb 23 15:29:57 2023
4095   483  4095  4095  4095  
   1    89    29  
1677146398 Thu Feb 23 15:29:57 2023
4095  4095  4095  4095  4095  
   1    81    29  
1677146398 Thu Feb 23 15:29:58 2023
4095  4095  4095  4095  4095  
   1    78    29  
1677146399 Thu Feb 23 15:29:58 2023
4095  4095  4095  4095  4095  
   1    60    29  
1677146399 Thu Feb 23 15:29:59 2023
4095  4095  4095  4095  4095  
   1    56    29  
1677146400 Thu Feb 23 15:30:00 2023
4095  4095  4095  4095  4095  
   1    43    29  
1677146401 Thu Feb 23 15:30:00 2023
4095  4095  4095  4095  4095  
   1    78    29  
1677146401 Thu Feb 23 15:30:01 2023
4095   389  4095  4095  4095  
   1    91    29  
1677146403 Thu Feb 23 15:30:02 2023
4095  4095  4095  4095  4095  
   1    76    29  
1677146403 Thu Feb 23 15:30:03 2023
4095   485  4095  4095  4095  
   1    74    29  
1677146403 Thu Feb 23 15:30:03 2023
4095  4095  4095  4095  4095  
   1    68    29  
1677146404 Thu Feb 23 15:30:04 2023
4095  4095  4095  4095  4095  
   1    63    29  
1677146404 Thu Feb 23 15:30:04 2023
4095   486  4095  4095  4095  
   1   119    29  
1677146404 Thu Feb 23 15:30:04 2023
4095  4095  4095  4095  4095  
   1    67    29  
1677146406 Thu Feb 23 15:30:06 2023
4095  4095  4095  4095  4095  
   1    75    29  
1677146407 Thu Feb 23 15:30:07 2023
4095  4095  4095  4095  4095  
   1    77    29  
1677146408 Thu Feb 23 15:30:08 2023
4095   481  4095  4095  4095  
   1    84    29  
1677146408 Thu Feb 23 15:30:08 2023
4095  4095  4095  4095  4095  
   1    66    29  
1677146409 Thu Feb 23 15:30:09 2023
4095  4095  4095  4095  4095  
   1    70    29  
1677146409 Thu Feb 23 15:30:09 2023
4095   472  4095  4095  4095  
   1   107    29  
1677146410 Thu Feb 23 15:30:10 2023
4095  4095  4095  4095  4095  
   1    63    29  
1677146410 Thu Feb 23 15:30:10 2023
4095  4095  4095  4095  4095  
   1    63    29  
1677146411 Thu Feb 23 15:30:11 2023
4095   447  4095  4095  4095  
   1    97    29  
1677146411 Thu Feb 23 15:30:11 2023
4095   465  4095  4095  4095  
   1   100    29  
1677146412 Thu Feb 23 15:30:12 2023
4095  4095  4095  4095  4095  
   1    67    29  
1677146412 Thu Feb 23 15:30:12 2023
4095  4095  4095  4095  4095  
   1    63    29  
1677146413 Thu Feb 23 15:30:13 2023
4095   479  4095  4095  4095  
   1   105    29  
1677146413 Thu Feb 23 15:30:13 2023
4095  4095  4095  4095  4095  
   1    70    29  
1677146414 Thu Feb 23 15:30:14 2023
4095   470  4095  4095  4095  
   1   143    29  
1677146415 Thu Feb 23 15:30:15 2023
4095  4095  4095  4095  4095  
   1    72    29  
1677146415 Thu Feb 23 15:30:15 2023
4095  4095  4095  4095  4095  
   1    75    29  
1677146416 Thu Feb 23 15:30:16 2023
4095  4095  4095  4095  4095  
   1    58    29  
1677146418 Thu Feb 23 15:30:17 2023
4095  4095  4095  4095  4095  
   1    70    29  
1677146419 Thu Feb 23 15:30:18 2023
4095   484  4095  4095  4095  
   1    95    29  
1677146419 Thu Feb 23 15:30:19 2023
4095  4095  4095  4095  4095  
   1    77    29  
1677146419 Thu Feb 23 15:30:19 2023
4095  4095  4095  4095  4095  
   1    61    29  
1677146420 Thu Feb 23 15:30:19 2023
4095   481  4095  4095  4095  
   1    89    29  
1677146420 Thu Feb 23 15:30:20 2023
4095  4095  4095  4095  4095  
   1    68    29  
1677146422 Thu Feb 23 15:30:21 2023
4095  4095  4095  4095  4095  
   1    62    29  
1677146423 Thu Feb 23 15:30:23 2023
4095  4095  4095  4095  4095  
   1    76    29  
1677146423 Thu Feb 23 15:30:23 2023
4095  4095  4095  4095  4095  
   1    58    29  
1677146424 Thu Feb 23 15:30:24 2023
4095   441  4095  4095  4095  
   1   109    29  
1677146424 Thu Feb 23 15:30:24 2023
4095  4095  4095  4095  4095  
   1    70    29  
1677146425 Thu Feb 23 15:30:25 2023
4095  4095  4095  4095  4095  
   1    51    29  
1677146426 Thu Feb 23 15:30:26 2023
4095   499  4095  4095  4095  
   1    87    29  
1677146427 Thu Feb 23 15:30:27 2023
4095  4095  4095  4095  4095  
   1    66    29  
1677146427 Thu Feb 23 15:30:27 2023
4095  4095  4095  4095  4095  
   1    68    29  
1677146428 Thu Feb 23 15:30:28 2023
4095   487  4095  4095  4095  
   1    73    29  
1677146428 Thu Feb 23 15:30:28 2023
4095  4095  4095  4095  4095  
   1    72    29  
1677146429 Thu Feb 23 15:30:28 2023
4095  4095  4095  4095  4095  
   1    81    29  
1677146430 Thu Feb 23 15:30:29 2023
4095  4095  4095  4095  4095  
   1    68    29  
1677146431 Thu Feb 23 15:30:30 2023
4095  4095  4095  4095  4095  
   1    69    29  
1677146431 Thu Feb 23 15:30:31 2023
4095   525  4095  4095  4095  
   1    81    29  
1677146431 Thu Feb 23 15:30:31 2023
4095  4095  4095  4095  4095  
   1    76    29  
1677146432 Thu Feb 23 15:30:32 2023
4095  4095  4095  4095  4095  
   1    71    29  
1677146432 Thu Feb 23 15:30:32 2023
4095  4095  4095  4095  4095  
   1    68    29  
1677146433 Thu Feb 23 15:30:33 2023
4095  4095  4095  4095  4095  
   1    84    29  
1677146434 Thu Feb 23 15:30:34 2023
4095  4095  4095  4095  4095  
   1    56    29  
1677146435 Thu Feb 23 15:30:35 2023
4095  4095  4095  4095  4095  
   1    73    29  
1677146436 Thu Feb 23 15:30:35 2023
4095  4095  4095  4095  4095  
   1    64    29  
1677146436 Thu Feb 23 15:30:36 2023
4095  4095  4095  4095  4095  
   1    79    29  
1677146436 Thu Feb 23 15:30:36 2023
4095   502  4095  4095  4095  
   1    97    29  
1677146437 Thu Feb 23 15:30:36 2023
4095  4095  4095  4095  4095  
   1    64    29  
1677146438 Thu Feb 23 15:30:37 2023
4095  4095  4095  4095  4095  
   1    76    29  
1677146438 Thu Feb 23 15:30:38 2023
4095  4095  4095  4095  4095  
   1    79    29  
1677146439 Thu Feb 23 15:30:39 2023
4095   504  4095  4095  4095  
   1    87    29  
1677146439 Thu Feb 23 15:30:39 2023
4095  4095  4095  4095  4095  
   1    67    29  
1677146440 Thu Feb 23 15:30:39 2023
4095  4095  4095  4095  4095  
   1    78    29  
1677146440 Thu Feb 23 15:30:40 2023
4095  4095  4095  4095  4095  
   1    59    29  
1677146441 Thu Feb 23 15:30:40 2023
4095  4095  4095  4095  4095  
   1    72    29  
1677146441 Thu Feb 23 15:30:41 2023
4095  4095  4095  4095  4095  
   1    55    29  
1677146442 Thu Feb 23 15:30:42 2023
4095  4095  4095  4095  4095  
   1    66    29  
1677146443 Thu Feb 23 15:30:42 2023
4095  4095  4095  4095  4095  
   1    58    29  
1677146443 Thu Feb 23 15:30:43 2023
4095  4095  4095  4095  4095  
   1    63    29  
1677146445 Thu Feb 23 15:30:44 2023
4095  4095  4095  4095  4095  
   1    65    29  
1677146445 Thu Feb 23 15:30:45 2023
4095  4095  4095  4095  4095  
   1    67    29  
1677146445 Thu Feb 23 15:30:45 2023
4095   487  4095  4095  4095  
   1    90    29  
1677146446 Thu Feb 23 15:30:45 2023
4095  4095  4095  4095  4095  
   1    78    29  
1677146446 Thu Feb 23 15:30:46 2023
4095  4095  4095  4095  4095  
   1    62    29  
1677146446 Thu Feb 23 15:30:46 2023
4095  4095  4095  4095  4095  
   1    66    29  
1677146448 Thu Feb 23 15:30:48 2023
4095  4095  4095  4095  4095  
   1    71    29  
1677146448 Thu Feb 23 15:30:48 2023
4095  4095  4095  4095  4095  
   1    60    29  
1677146449 Thu Feb 23 15:30:49 2023
4095  4095  4095  4095  4095  
   1    67    29  
1677146450 Thu Feb 23 15:30:50 2023
4095  4095  4095  4095  4095  
   1    59    29  
1677146450 Thu Feb 23 15:30:50 2023
4095  4095  4095  4095  4095  
   1    88    29  
1677146451 Thu Feb 23 15:30:50 2023
4095  4095  4095  4095  4095  
   1    60    29  
1677146451 Thu Feb 23 15:30:51 2023
4095   478  4095  4095  4095  
   1    97    29  
1677146451 Thu Feb 23 15:30:51 2023
4095   496  4095  4095  4095  
   1    81    29  
1677146452 Thu Feb 23 15:30:52 2023
4095  4095  4095  4095  4095  
   1    57    29  
1677146452 Thu Feb 23 15:30:52 2023
4095  4095  4095  4095  4095  
   1    59    29  
1677146453 Thu Feb 23 15:30:53 2023
4095  4095  4095  4095  4095  
   1    61    29  
1677146454 Thu Feb 23 15:30:54 2023
4095  4095  4095  4095  4095  
   1    65    29  
1677146454 Thu Feb 23 15:30:54 2023
4095   490  4095  4095  4095  
   1    95    29  
1677146455 Thu Feb 23 15:30:54 2023
4095  4095  4095  4095  4095  
   1    69    29  
1677146455 Thu Feb 23 15:30:55 2023
4095  4095  4095  4095  4095  
   1    73    29  
1677146456 Thu Feb 23 15:30:55 2023
4095  4095  4095  4095  4095  
   1    65    29  
1677146456 Thu Feb 23 15:30:56 2023
4095  4095  4095  4095  4095  
   1    64    29  
1677146456 Thu Feb 23 15:30:56 2023
4095   489  4095  4095  4095  
   1    96    29  
1677146458 Thu Feb 23 15:30:58 2023
4095  4095  4095  4095  4095  
   1    55    29  
1677146458 Thu Feb 23 15:30:58 2023
4095  4095  4095  4095  4095  
   1    67    29  
1677146459 Thu Feb 23 15:30:58 2023
4095  4095  4095  4095  4095  
   1    78    29  
1677146459 Thu Feb 23 15:30:59 2023
4095   502  4095  4095  4095  
   1    79    29  
1677146460 Thu Feb 23 15:31:00 2023
4095   465  4095  4095  4095  
   1   100    29  
1677146461 Thu Feb 23 15:31:01 2023
4095  4095  4095  4095  4095  
   1    77    29  
1677146462 Thu Feb 23 15:31:02 2023
4095   505  4095  4095  4095  
   1    79    29  
1677146463 Thu Feb 23 15:31:03 2023
4095  4095  4095  4095  4095  
   1    57    29  
1677146463 Thu Feb 23 15:31:03 2023
4095  4095  4095  4095  4095  
   1    69    29  
1677146464 Thu Feb 23 15:31:03 2023
4095   498  4095  4095  4095  
   1    83    29  
1677146464 Thu Feb 23 15:31:04 2023
4095   500  4095  4095  4095  
   1    76    29  
1677146465 Thu Feb 23 15:31:05 2023
4095  4095  4095  4095  4095  
   1    66    29  
1677146465 Thu Feb 23 15:31:05 2023
4095  4095  4095  4095  4095  
   1    67    29  
1677146466 Thu Feb 23 15:31:06 2023
4095  4095  4095  4095  4095  
   1    63    29  
1677146467 Thu Feb 23 15:31:07 2023
4095  4095  4095  4095  4095  
   1    74    29  
1677146468 Thu Feb 23 15:31:08 2023
4095  4095  4095  4095  4095  
   1    57    29  
1677146469 Thu Feb 23 15:31:09 2023
4095  4095  4095  4095  4095  
   1    76    29  
1677146469 Thu Feb 23 15:31:09 2023
4095   458  4095  4095  4095  
   1   125    29  
1677146470 Thu Feb 23 15:31:10 2023
4095  4095  4095  4095  4095  
   1    63    29  
1677146471 Thu Feb 23 15:31:11 2023
4095  4095  4095  4095  4095  
   1    71    29  
1677146471 Thu Feb 23 15:31:11 2023
4095  4095  4095  4095  4095  
   1    82    29  
1677146472 Thu Feb 23 15:31:12 2023
4095   482  4095  4095  4095  
   1    82    29  
1677146472 Thu Feb 23 15:31:12 2023
4095  4095  4095  4095  4095  
   1    68    29  
1677146472 Thu Feb 23 15:31:12 2023
4095  4095  4095  4095  4095  
   1    74    29  
1677146473 Thu Feb 23 15:31:13 2023
4095   464  4095  4095  4095  
   1   121    29  
1677146474 Thu Feb 23 15:31:14 2023
4095  4095  4095  4095  4095  
   1    71    29  
1677146474 Thu Feb 23 15:31:14 2023
4095  4095  4095  4095  4095  
   1    77    29  
1677146475 Thu Feb 23 15:31:14 2023
4095  4095  4095  4095  4095  
   1    59    29  
1677146475 Thu Feb 23 15:31:15 2023
4095  4095  4095  4095  4095  
   1    44    29  
1677146476 Thu Feb 23 15:31:15 2023
4095  4095  4095  4095  4095  
   1    68    29  
1677146476 Thu Feb 23 15:31:16 2023
4095  4095  4095  4095  4095  
   1    76    29  
1677146477 Thu Feb 23 15:31:17 2023
4095   474  4095  4095  4095  
   1    83    29  
1677146477 Thu Feb 23 15:31:17 2023
4095  4095  4095  4095  4095  
   1    72    29  
1677146478 Thu Feb 23 15:31:18 2023
4095  4095  4095  4095  4095  
   1    73    29  
1677146479 Thu Feb 23 15:31:18 2023
4095  4095  4095  4095  4095  
   1    73    29  
1677146479 Thu Feb 23 15:31:19 2023
4095   483  4095  4095  4095  
   1    93    29  
1677146479 Thu Feb 23 15:31:19 2023
4095  4095  4095  4095  4095  
   1    63    29  
1677146480 Thu Feb 23 15:31:19 2023
4095  4095  4095  4095  4095  
   1    75    29  
1677146480 Thu Feb 23 15:31:20 2023
4095  4095  4095  4095  4095  
   1    74    29  
1677146481 Thu Feb 23 15:31:21 2023
4095  4095  4095  4095  4095  
   1    64    29  
1677146482 Thu Feb 23 15:31:22 2023
4095  4095  4095  4095  4095  
   1    69    29  
1677146482 Thu Feb 23 15:31:22 2023
4095  4095  4095  4095  4095  
   1    69    29  
1677146483 Thu Feb 23 15:31:22 2023
4095  4095  4095  4095  4095  
   1    62    29  
1677146484 Thu Feb 23 15:31:23 2023
4095   497  4095  4095  4095  
   1    86    29  
1677146484 Thu Feb 23 15:31:24 2023
4095  4095  4095  4095  4095  
   1    60    29  
1677146485 Thu Feb 23 15:31:24 2023
4095  4095  4095  4095  4095  
   1    68    29  
1677146485 Thu Feb 23 15:31:25 2023
4095  4095  4095  4095  4095  
   1    67    29  
1677146486 Thu Feb 23 15:31:25 2023
4095   479  4095  4095  4095  
   1    78    29  
1677146486 Thu Feb 23 15:31:26 2023
4095  4095  4095  4095  4095  
   1    43    29  
1677146486 Thu Feb 23 15:31:26 2023
4095  4095  4095  4095  4095  
   1    64    29  
1677146487 Thu Feb 23 15:31:27 2023
4095  4095  4095  4095  4095  
   1    68    29  
1677146487 Thu Feb 23 15:31:27 2023
4095   487  4095  4095  4095  
   1   104    29  
1677146488 Thu Feb 23 15:31:28 2023
4095   473  4095  4095  4095  
   1    93    29  
1677146489 Thu Feb 23 15:31:29 2023
4095  4095  4095  4095  4095  
   1    59    29  
1677146490 Thu Feb 23 15:31:30 2023
4095  4095  4095  4095  4095  
   1    63    29  
1677146491 Thu Feb 23 15:31:31 2023
4095  4095  4095  4095  4095  
   1    82    29  
1677146492 Thu Feb 23 15:31:32 2023
4095  4095  4095  4095  4095  
   1    75    29  
1677146492 Thu Feb 23 15:31:32 2023
4095   493  4095  4095  4095  
   1    78    29  
1677146492 Thu Feb 23 15:31:32 2023
4095  4095  4095  4095  4095  
   1    54    29  
1677146493 Thu Feb 23 15:31:33 2023
4095  4095  4095  4095  4095  
   1    72    29  
1677146493 Thu Feb 23 15:31:33 2023
4095  4095  4095  4095  4095  
   1    65    29  
1677146494 Thu Feb 23 15:31:34 2023
4095   486  4095  4095  4095  
   1    96    29  
1677146495 Thu Feb 23 15:31:34 2023
4095  4095  4095  4095  4095  
   1    79    29  
1677146495 Thu Feb 23 15:31:35 2023
4095  4095  4095  4095  4095  
   1    66    29  
1677146496 Thu Feb 23 15:31:35 2023
4095   463  4095  4095  4095  
   1    88    29  
1677146496 Thu Feb 23 15:31:36 2023
4095   447  4095  4095  4095  
   1    94    29  
1677146496 Thu Feb 23 15:31:36 2023
4095  4095  4095  4095  4095  
   1    64    29  
1677146496 Thu Feb 23 15:31:36 2023
4095  4095  4095  4095  4095  
   1    64    29  
1677146497 Thu Feb 23 15:31:36 2023
4095  4095  4095  4095  4095  
   1    70    29  
1677146497 Thu Feb 23 15:31:37 2023
4095  4095  4095  4095  4095  
   1    68    29  
1677146497 Thu Feb 23 15:31:37 2023
4095  4095  4095  4095  4095  
   1    68    29  
1677146498 Thu Feb 23 15:31:37 2023
4095  4095  4095  4095  4095  
   1    65    29  
1677146498 Thu Feb 23 15:31:38 2023
4095  4095  4095  4095  4095  
   1    55    29  
1677146499 Thu Feb 23 15:31:39 2023
4095   476  4095  4095  4095  
   1    94    29  
1677146499 Thu Feb 23 15:31:39 2023
4095  4095  4095  4095  4095  
   1    61    29  
1677146500 Thu Feb 23 15:31:40 2023
4095   469  4095  4095  4095  
   1   113    29  
1677146501 Thu Feb 23 15:31:40 2023
4095  4095  4095  4095  4095  
   1    64    29  
1677146501 Thu Feb 23 15:31:41 2023
4095  4095  4095  4095  4095  
   1    71    29  
1677146502 Thu Feb 23 15:31:42 2023
4095  4095  4095  4095  4095  
   1    79    29  
1677146502 Thu Feb 23 15:31:42 2023
4095  4095  4095  4095  4095  
   1    62    29  
1677146502 Thu Feb 23 15:31:42 2023
4095  4095  4095  4095  4095  
   1    57    29  
1677146503 Thu Feb 23 15:31:43 2023
4095  4095  4095  4095  4095  
   1    70    29  
1677146505 Thu Feb 23 15:31:45 2023
4095  4095  4095  4095  4095  
   1    71    29  
1677146505 Thu Feb 23 15:31:45 2023
4095  4095  4095  4095  4095  
   1    79    29  
1677146506 Thu Feb 23 15:31:46 2023
4095   491  4095  4095  4095  
   1    94    29  
1677146507 Thu Feb 23 15:31:46 2023
4095   497  4095  4095  4095  
   1    91    29  
1677146507 Thu Feb 23 15:31:47 2023
4095  4095  4095  4095  4095  
   1    79    29  
1677146508 Thu Feb 23 15:31:48 2023
4095   498  4095  4095  4095  
   1    88    29  
1677146509 Thu Feb 23 15:31:49 2023
4095  4095  4095  4095  4095  
   1    76    29  
1677146510 Thu Feb 23 15:31:49 2023
4095   497  4095  4095  4095  
   1    88    29  
1677146510 Thu Feb 23 15:31:50 2023
4095   482  4095  4095  4095  
   1   106    29  
1677146511 Thu Feb 23 15:31:51 2023
4095  4095  4095  4095  4095  
   1    69    29  
1677146511 Thu Feb 23 15:31:51 2023
4095   502  4095  4095  4095  
   1    89    29  
1677146512 Thu Feb 23 15:31:51 2023
4095  4095  4095  4095  4095  
   1    73    29  
1677146513 Thu Feb 23 15:31:52 2023
4095  4095  4095  4095  4095  
   1    78    29  
1677146513 Thu Feb 23 15:31:53 2023
4095  4095  4095  4095  4095  
   1    71    29  
1677146513 Thu Feb 23 15:31:53 2023
4095  4095  4095  4095  4095  
   1    75    29  
1677146514 Thu Feb 23 15:31:53 2023
4095  4095  4095  4095  4095  
   1    62    29  
1677146514 Thu Feb 23 15:31:54 2023
4095  4095  4095  4095  4095  
   1    64    29  
1677146516 Thu Feb 23 15:31:56 2023
4095  4095  4095  4095  4095  
   1    80    29  
1677146517 Thu Feb 23 15:31:56 2023
4095  4095  4095  4095  4095  
   1    64    29  
1677146517 Thu Feb 23 15:31:57 2023
4095  4095  4095  4095  4095  
   1    77    29  
1677146518 Thu Feb 23 15:31:58 2023
4095  4095  4095  4095  4095  
   1    83    29  
1677146519 Thu Feb 23 15:31:59 2023
4095  4095  4095  4095  4095  
   1    73    29  
1677146520 Thu Feb 23 15:32:00 2023
4095  4095  4095  4095  4095  
   1    65    29  
1677146521 Thu Feb 23 15:32:01 2023
4095  4095  4095  4095  4095  
   1    74    29  
1677146521 Thu Feb 23 15:32:01 2023
4095  4095  4095  4095  4095  
   1    72    29  
1677146522 Thu Feb 23 15:32:02 2023
4095  4095  4095  4095  4095  
   1    58    29  
1677146523 Thu Feb 23 15:32:02 2023
4095  4095  4095  4095  4095  
   1    72    29  
1677146523 Thu Feb 23 15:32:03 2023
4095  4095  4095  4095  4095  
   1    82    29  
1677146524 Thu Feb 23 15:32:03 2023
4095  4095  4095  4095  4095  
   1    63    29  
1677146524 Thu Feb 23 15:32:04 2023
4095  4095  4095  4095  4095  
   1    73    29  
1677146524 Thu Feb 23 15:32:04 2023
4095  4095  4095  4095  4095  
   1    68    29  
1677146525 Thu Feb 23 15:32:04 2023
4095  4095  4095  4095  4095  
   1    76    29  
1677146525 Thu Feb 23 15:32:05 2023
4095  4095  4095  4095  4095  
   1    68    29  
1677146526 Thu Feb 23 15:32:05 2023
4095   544  4095  4095  4095  
   1    78    29  
1677146526 Thu Feb 23 15:32:06 2023
4095  4095  4095  4095  4095  
   1    63    29  
1677146526 Thu Feb 23 15:32:06 2023
4095   458  4095  4095  4095  
   1    87    29  
1677146527 Thu Feb 23 15:32:06 2023
4095  4095  4095  4095  4095  
   1    73    29  
1677146527 Thu Feb 23 15:32:07 2023
4095  4095  4095  4095  4095  
   1    65    29  
1677146527 Thu Feb 23 15:32:07 2023
4095   508  4095  4095  4095  
   1    85    29  
1677146527 Thu Feb 23 15:32:07 2023
4095  4095  4095  4095  4095  
   1    67    29  
1677146528 Thu Feb 23 15:32:08 2023
4095  4095  4095  4095  4095  
   1    67    29  
1677146529 Thu Feb 23 15:32:09 2023
4095  4095  4095  4095  4095  
   1    77    29  
1677146530 Thu Feb 23 15:32:09 2023
4095   497  4095  4095  4095  
   1    79    29  
1677146530 Thu Feb 23 15:32:10 2023
4095  4095  4095  4095  4095  
   1    61    29  
1677146531 Thu Feb 23 15:32:11 2023
4095  4095  4095  4095  4095  
   1    63    29  
1677146532 Thu Feb 23 15:32:12 2023
4095  4095  4095  4095  4095  
   1    76    29  
1677146533 Thu Feb 23 15:32:13 2023
4095   478  4095  4095  4095  
   1    87    29  
1677146534 Thu Feb 23 15:32:14 2023
4095  4095  4095  4095  4095  
   1    73    29  
1677146535 Thu Feb 23 15:32:14 2023
4095   465  4095  4095  4095  
   1   122    29  
1677146535 Thu Feb 23 15:32:15 2023
4095  4095  4095  4095  4095  
   1    84    29  
1677146536 Thu Feb 23 15:32:16 2023
4095  4095  4095  4095  4095  
   1    63    29  
1677146537 Thu Feb 23 15:32:17 2023
4095  4095  4095  4095  4095  
   1    67    29  
1677146538 Thu Feb 23 15:32:18 2023
4095  4095  4095  4095  4095  
   1    66    29  
1677146538 Thu Feb 23 15:32:18 2023
4095  4095  4095  4095  4095  
   1    77    29  
1677146539 Thu Feb 23 15:32:18 2023
4095   471  4095  4095  4095  
   1    97    29  
1677146539 Thu Feb 23 15:32:19 2023
4095  4095  4095  4095  4095  
   1    72    29  
1677146539 Thu Feb 23 15:32:19 2023
4095  4095  4095  4095  4095  
   1    61    29  
1677146540 Thu Feb 23 15:32:19 2023
4095  4095  4095  4095  4095  
   1    75    29  
1677146540 Thu Feb 23 15:32:20 2023
4095  4095  4095  4095  4095  
   1    57    29  
1677146542 Thu Feb 23 15:32:21 2023
4095  4095  4095  4095  4095  
   1    72    29  
1677146542 Thu Feb 23 15:32:22 2023
4095   491  4095  4095  4095  
   1    82    29  
1677146542 Thu Feb 23 15:32:22 2023
4095  4095  4095  4095  4095  
   1    66    29  
1677146543 Thu Feb 23 15:32:22 2023
4095  4095  4095  4095  4095  
   1    63    29  
1677146543 Thu Feb 23 15:32:23 2023
4095   478  4095  4095  4095  
   1   110    29  
1677146544 Thu Feb 23 15:32:24 2023
4095   489  4095  4095  4095  
   1    80    29  
1677146545 Thu Feb 23 15:32:25 2023
4095  4095  4095  4095  4095  
   1    73    29  
1677146546 Thu Feb 23 15:32:25 2023
4095  4095  4095  4095  4095  
   1    74    29  
1677146546 Thu Feb 23 15:32:26 2023
4095  4095  4095  4095  4095  
   1    68    29  
1677146547 Thu Feb 23 15:32:26 2023
4095  4095  4095  4095  4095  
   1    63    29  
1677146547 Thu Feb 23 15:32:27 2023
4095  4095  4095  4095  4095  
   1    74    29  
1677146547 Thu Feb 23 15:32:27 2023
4095  4095  4095  4095  4095  
   1    84    29  
1677146550 Thu Feb 23 15:32:30 2023
4095  4095  4095  4095  4095  
   1    77    29  
1677146551 Thu Feb 23 15:32:31 2023
4095   460  4095  4095  4095  
   1   105    29  
1677146551 Thu Feb 23 15:32:31 2023
4095  4095  4095  4095  4095  
   1    65    29  
1677146552 Thu Feb 23 15:32:31 2023
4095  4095  4095  4095  4095  
   1    61    29  
1677146552 Thu Feb 23 15:32:32 2023
4095   474  4095  4095  4095  
   1   121    29  
1677146553 Thu Feb 23 15:32:32 2023
4095  4095  4095  4095  4095  
   1    71    29  
1677146553 Thu Feb 23 15:32:33 2023
4095  4095  4095  4095  4095  
   1    71    29  
1677146553 Thu Feb 23 15:32:33 2023
4095  4095  4095  4095  4095  
   1    67    29  
1677146554 Thu Feb 23 15:32:34 2023
4095  4095  4095  4095  4095  
   1    73    29  
1677146555 Thu Feb 23 15:32:35 2023
4095  4095  4095  4095  4095  
   1    70    29  
1677146555 Thu Feb 23 15:32:35 2023
4095  4095  4095  4095  4095  
   1    73    29  
1677146555 Thu Feb 23 15:32:35 2023
4095  4095  4095  4095  4095  
   1    60    29  
1677146556 Thu Feb 23 15:32:36 2023
4095   495  4095  4095  4095  
   1    81    29  
1677146557 Thu Feb 23 15:32:36 2023
4095  4095  4095  4095  4095  
   1    76    29  
1677146558 Thu Feb 23 15:32:37 2023
4095  4095  4095  4095  4095  
   1    71    29  
1677146558 Thu Feb 23 15:32:38 2023
4095  4095  4095  4095  4095  
   1    76    29  
1677146559 Thu Feb 23 15:32:38 2023
4095   470  4095  4095  4095  
   1   104    29  
1677146560 Thu Feb 23 15:32:39 2023
4095  4095  4095  4095  4095  
   1    59    29  
1677146560 Thu Feb 23 15:32:40 2023
4095  4095  4095  4095  4095  
   1    75    29  
1677146560 Thu Feb 23 15:32:40 2023
4095  4095  4095  4095  4095  
   1    64    29  
1677146561 Thu Feb 23 15:32:41 2023
4095  4095  4095  4095  4095  
   1    67    29  
1677146561 Thu Feb 23 15:32:41 2023
4095  4095  4095  4095  4095  
   1    76    29  
1677146561 Thu Feb 23 15:32:41 2023
4095  4095  4095  4095  4095  
   1    62    29  
1677146561 Thu Feb 23 15:32:41 2023
4095   483  4095  4095  4095  
   1    91    29  
1677146562 Thu Feb 23 15:32:42 2023
4095  4095  4095  4095  4095  
   1    66    29  
1677146562 Thu Feb 23 15:32:42 2023
4095   446  4095  4095  4095  
   1   271    29  
1677146563 Thu Feb 23 15:32:43 2023
4095  4095  4095  4095  4095  
   1    81    29  
1677146564 Thu Feb 23 15:32:44 2023
4095  4095  4095  4095  4095  
   1    71    29  
1677146564 Thu Feb 23 15:32:44 2023
4095  4095  4095  4095  4095  
   1    60    29  
1677146565 Thu Feb 23 15:32:44 2023
4095  4095  4095  4095  4095  
   1    61    29  
1677146565 Thu Feb 23 15:32:45 2023
4095  4095  4095  4095  4095  
   1    86    29  
1677146565 Thu Feb 23 15:32:45 2023
4095  4095  4095  4095  4095  
   1    73    29  
1677146565 Thu Feb 23 15:32:45 2023
4095  4095  4095  4095  4095  
   1    66    29  
1677146566 Thu Feb 23 15:32:45 2023
4095  4095  4095  4095  4095  
   1    63    29  
1677146566 Thu Feb 23 15:32:46 2023
4095   479  4095  4095  4095  
   1    79    29  
1677146567 Thu Feb 23 15:32:47 2023
4095  4095  4095  4095  4095  
   1    73    29  
1677146567 Thu Feb 23 15:32:47 2023
4095  4095  4095  4095  4095  
   1    71    29  
1677146568 Thu Feb 23 15:32:48 2023
4095   546  4095  4095  4095  
   1    75    29  
1677146569 Thu Feb 23 15:32:49 2023
4095  4095  4095  4095  4095  
   1    66    29  
1677146570 Thu Feb 23 15:32:50 2023
4095  4095  4095  4095  4095  
   1    78    29  
1677146570 Thu Feb 23 15:32:50 2023
4095  4095  4095  4095  4095  
   1    70    29  
1677146571 Thu Feb 23 15:32:51 2023
4095   476  4095  4095  4095  
   1    96    29  
1677146571 Thu Feb 23 15:32:51 2023
4095  4095  4095  4095  4095  
   1    66    29  
1677146572 Thu Feb 23 15:32:52 2023
4095  4095  4095  4095  4095  
   1    79    29  
1677146572 Thu Feb 23 15:32:52 2023
4095  4095  4095  4095  4095  
   1    60    29  
1677146573 Thu Feb 23 15:32:53 2023
4095  4095  4095  4095  4095  
   1    71    29  
1677146573 Thu Feb 23 15:32:53 2023
4095  4095  4095  4095  4095  
   1    83    29  
1677146574 Thu Feb 23 15:32:54 2023
4095  4095  4095  4095  4095  
   1    61    29  
1677146574 Thu Feb 23 15:32:54 2023
4095  4095  4095  4095  4095  
   1    69    29  
1677146574 Thu Feb 23 15:32:54 2023
4095  4095  4095  4095  4095  
   1    68    29  
1677146575 Thu Feb 23 15:32:54 2023
4095  4095  4095  4095  4095  
   1    72    29  
1677146575 Thu Feb 23 15:32:55 2023
4095  4095  4095  4095  4095  
   1    66    29  
1677146575 Thu Feb 23 15:32:55 2023
4095  4095  4095  4095  4095  
   1    71    29  
1677146576 Thu Feb 23 15:32:55 2023
4095   482  4095  4095  4095  
   1   103    29  
1677146576 Thu Feb 23 15:32:56 2023
4095  4095  4095  4095  4095  
   1    69    29  
1677146577 Thu Feb 23 15:32:56 2023
4095   476  4095  4095  4095  
   1    99    29  
1677146578 Thu Feb 23 15:32:57 2023
4095   474  4095  4095  4095  
   1    74    29  
1677146578 Thu Feb 23 15:32:58 2023
4095  4095  4095  4095  4095  
   1    62    29  
1677146579 Thu Feb 23 15:32:58 2023
4095  4095  4095  4095  4095  
   1    80    29  
1677146579 Thu Feb 23 15:32:59 2023
4095  4095  4095  4095  4095  
   1    79    29  
1677146579 Thu Feb 23 15:32:59 2023
4095   507  4095  4095  4095  
   1    88    29  
1677146580 Thu Feb 23 15:32:59 2023
4095   502  4095  4095  4095  
   1    82    29  
1677146580 Thu Feb 23 15:33:00 2023
4095  4095  4095  4095  4095  
   1    68    29  
1677146581 Thu Feb 23 15:33:00 2023
4095  4095  4095  4095  4095  
   1    64    29  
1677146581 Thu Feb 23 15:33:01 2023
4095   446  4095  4095  4095  
   1   103    29  
1677146583 Thu Feb 23 15:33:02 2023
4095  4095  4095  4095  4095  
   1    58    29  
1677146583 Thu Feb 23 15:33:03 2023
4095  4095  4095  4095  4095  
   1    76    29  
1677146583 Thu Feb 23 15:33:03 2023
4095  4095  4095  4095  4095  
   1    76    29  
1677146584 Thu Feb 23 15:33:03 2023
4095  4095  4095  4095  4095  
   1    75    29  
1677146585 Thu Feb 23 15:33:05 2023
4095  4095  4095  4095  4095  
   1    71    29  
1677146585 Thu Feb 23 15:33:05 2023
4095  4095  4095  4095  4095  
   1    64    29  
1677146586 Thu Feb 23 15:33:05 2023
4095   494  4095  4095  4095  
   1    89    29  
1677146586 Thu Feb 23 15:33:06 2023
4095  4095  4095  4095  4095  
   1    75    29  
1677146586 Thu Feb 23 15:33:06 2023
4095   486  4095  4095  4095  
   1    87    29  
1677146587 Thu Feb 23 15:33:07 2023
4095  4095  4095  4095  4095  
   1    68    29  
1677146588 Thu Feb 23 15:33:07 2023
4095  4095  4095  4095  4095  
   1    61    29  
1677146589 Thu Feb 23 15:33:08 2023
4095  4095  4095  4095  4095  
   1    66    29  
1677146589 Thu Feb 23 15:33:09 2023
4095  4095  4095  4095  4095  
   1    71    29  
1677146590 Thu Feb 23 15:33:09 2023
4095   498  4095  4095  4095  
   1    81    29  
1677146590 Thu Feb 23 15:33:10 2023
4095  4095  4095  4095  4095  
   1    44    29  
1677146590 Thu Feb 23 15:33:10 2023
4095  4095  4095  4095  4095  
   1    78    29  
1677146591 Thu Feb 23 15:33:11 2023
4095  4095  4095  4095  4095  
   1    70    29  
1677146591 Thu Feb 23 15:33:11 2023
4095  4095  4095  4095  4095  
   1    79    29  
1677146593 Thu Feb 23 15:33:13 2023
4095  4095  4095  4095  4095  
   1    58    29  
1677146594 Thu Feb 23 15:33:14 2023
4095  4095  4095  4095  4095  
   1    76    29  
1677146595 Thu Feb 23 15:33:15 2023
4095   509  4095  4095  4095  
   1    79    29  
1677146596 Thu Feb 23 15:33:15 2023
4095  4095  4095  4095  4095  
   1    63    29  
1677146596 Thu Feb 23 15:33:16 2023
4095  4095  4095  4095  4095  
   1    71    29  
1677146597 Thu Feb 23 15:33:16 2023
4095  4095  4095  4095  4095  
   1    72    29  
1677146597 Thu Feb 23 15:33:17 2023
4095   476  4095  4095  4095  
   1    92    29  
1677146597 Thu Feb 23 15:33:17 2023
4095  4095  4095  4095  4095  
   1    60    29  
1677146598 Thu Feb 23 15:33:17 2023
4095  4095  4095  4095  4095  
   1    72    29  
1677146598 Thu Feb 23 15:33:18 2023
4095  4095  4095  4095  4095  
   1    61    29  
1677146599 Thu Feb 23 15:33:18 2023
4095  4095  4095  4095  4095  
   1    57    29  
1677146599 Thu Feb 23 15:33:19 2023
4095   495  4095  4095  4095  
   1    97    29  
1677146600 Thu Feb 23 15:33:19 2023
4095   536  4095  4095  4095  
   1    85    29  
1677146601 Thu Feb 23 15:33:20 2023
4095  4095  4095  4095  4095  
   1    65    29  
1677146601 Thu Feb 23 15:33:21 2023
4095   476  4095  4095  4095  
   1   101    29  
1677146602 Thu Feb 23 15:33:22 2023
4095  4095  4095  4095  4095  
   1    78    29  
1677146602 Thu Feb 23 15:33:22 2023
4095  4095  4095  4095  4095  
   1    61    29  
1677146603 Thu Feb 23 15:33:22 2023
4095   474  4095  4095  4095  
   1    80    29  
1677146604 Thu Feb 23 15:33:23 2023
4095  4095  4095  4095  4095  
   1    73    29  
1677146604 Thu Feb 23 15:33:24 2023
4095   505  4095  4095  4095  
   1    96    29  
1677146604 Thu Feb 23 15:33:24 2023
4095  4095  4095  4095  4095  
   1    78    29  
1677146605 Thu Feb 23 15:33:24 2023
4095   471  4095  4095  4095  
   1   174    29  
1677146606 Thu Feb 23 15:33:26 2023
4095  4095  4095  4095  4095  
   1    77    29  
1677146607 Thu Feb 23 15:33:26 2023
4095   483  4095  4095  4095  
   1    96    29  
1677146607 Thu Feb 23 15:33:27 2023
4095   481  4095  4095  4095  
   1   101    29  
1677146607 Thu Feb 23 15:33:27 2023
4095   462  4095  4095  4095  
   1    99    29  
1677146608 Thu Feb 23 15:33:28 2023
4095  4095  4095  4095  4095  
   1    73    29  
1677146608 Thu Feb 23 15:33:28 2023
4095   479  4095  4095  4095  
   1   137    29  
1677146609 Thu Feb 23 15:33:29 2023
4095  4095  4095  4095  4095  
   1    71    29  
1677146610 Thu Feb 23 15:33:30 2023
4095  4095  4095  4095  4095  
   1    70    29  
1677146611 Thu Feb 23 15:33:31 2023
4095  4095  4095  4095  4095  
   1    56    29  
1677146611 Thu Feb 23 15:33:31 2023
4095   489  4095  4095  4095  
   1    83    29  
1677146612 Thu Feb 23 15:33:32 2023
4095   491  4095  4095  4095  
   1    79    29  
1677146613 Thu Feb 23 15:33:33 2023
4095  4095  4095  4095  4095  
   1    62    29  
1677146613 Thu Feb 23 15:33:33 2023
4095   481  4095  4095  4095  
   1    90    29  
1677146614 Thu Feb 23 15:33:34 2023
4095  4095  4095  4095  4095  
   1    69    29  
1677146615 Thu Feb 23 15:33:34 2023
4095  4095  4095  4095  4095  
   1    70    29  
1677146615 Thu Feb 23 15:33:35 2023
4095  4095  4095  4095  4095  
   1    72    29  
1677146616 Thu Feb 23 15:33:36 2023
4095   480  4095  4095  4095  
   1   100    29  
1677146616 Thu Feb 23 15:33:36 2023
4095  4095  4095  4095  4095  
   1    71    29  
1677146617 Thu Feb 23 15:33:37 2023
4095  4095  4095  4095  4095  
   1    73    29  
1677146618 Thu Feb 23 15:33:38 2023
4095   474  4095  4095  4095  
   1   108    29  
1677146619 Thu Feb 23 15:33:39 2023
4095  4095  4095  4095  4095  
   1    66    29  
1677146619 Thu Feb 23 15:33:39 2023
4095  4095  4095  4095  4095  
   1    69    29  
1677146620 Thu Feb 23 15:33:40 2023
4095   469  4095  4095  4095  
   1    94    29  
1677146621 Thu Feb 23 15:33:41 2023
4095  4095  4095  4095  4095  
   1    86    29  
1677146622 Thu Feb 23 15:33:42 2023
4095  4095  4095  4095  4095  
   1    63    29  
1677146624 Thu Feb 23 15:33:43 2023
4095  4095  4095  4095  4095  
   1    62    29  
1677146624 Thu Feb 23 15:33:44 2023
4095  4095  4095  4095  4095  
   1    65    29  
1677146625 Thu Feb 23 15:33:45 2023
4095  4095  4095  4095  4095  
   1    68    29  
1677146626 Thu Feb 23 15:33:46 2023
4095   481  4095  4095  4095  
   1    86    29  
1677146626 Thu Feb 23 15:33:46 2023
4095  4095  4095  4095  4095  
   1    69    29  
1677146627 Thu Feb 23 15:33:47 2023
4095  4095  4095  4095  4095  
   1    67    29  
1677146627 Thu Feb 23 15:33:47 2023
4095  4095  4095  4095  4095  
   1    76    29  
1677146628 Thu Feb 23 15:33:48 2023
4095   472  4095  4095  4095  
   1    85    29  
1677146628 Thu Feb 23 15:33:48 2023
4095   489  4095  4095  4095  
   1    85    29  
1677146629 Thu Feb 23 15:33:49 2023
4095  4095  4095  4095  4095  
   1    81    29  
1677146629 Thu Feb 23 15:33:49 2023
4095  4095  4095  4095  4095  
   1    61    29  
1677146630 Thu Feb 23 15:33:50 2023
4095  4095  4095  4095  4095  
   1    78    29  
1677146631 Thu Feb 23 15:33:50 2023
4095   485  4095  4095  4095  
   1    96    29  
1677146631 Thu Feb 23 15:33:51 2023
4095   480  4095  4095  4095  
   1    86    29  
1677146632 Thu Feb 23 15:33:52 2023
4095   502  4095  4095  4095  
   1   102    29  
1677146632 Thu Feb 23 15:33:52 2023
4095   455  4095  4095  4095  
   1    85    29  
1677146633 Thu Feb 23 15:33:52 2023
4095  4095  4095  4095  4095  
   1    59    29  
1677146633 Thu Feb 23 15:33:53 2023
4095  4095  4095  4095  4095  
   1    76    29  
1677146634 Thu Feb 23 15:33:54 2023
4095  4095  4095  4095  4095  
   1    75    29  
1677146634 Thu Feb 23 15:33:54 2023
4095  4095  4095  4095  4095  
   1    56    29  
1677146635 Thu Feb 23 15:33:55 2023
4095  4095  4095  4095  4095  
   1    79    29  
1677146636 Thu Feb 23 15:33:56 2023
4095  4095  4095  4095  4095  
   1    66    29  
1677146637 Thu Feb 23 15:33:57 2023
4095  4095  4095  4095  4095  
   1    62    29  
1677146638 Thu Feb 23 15:33:58 2023
4095  4095  4095  4095  4095  
   1    74    29  
1677146639 Thu Feb 23 15:33:59 2023
4095  4095  4095  4095  4095  
   1    71    29  
1677146640 Thu Feb 23 15:34:00 2023
4095   465  4095  4095  4095  
   1    97    29  
1677146640 Thu Feb 23 15:34:00 2023
4095   492  4095  4095  4095  
   1    80    29  
1677146640 Thu Feb 23 15:34:00 2023
4095  4095  4095  4095  4095  
   1    80    29  
1677146641 Thu Feb 23 15:34:01 2023
4095   470  4095  4095  4095  
   1    93    29  
1677146641 Thu Feb 23 15:34:01 2023
4095  4095  4095  4095  4095  
   1    68    29  
1677146642 Thu Feb 23 15:34:02 2023
4095  4095  4095  4095  4095  
   1    65    29  
1677146642 Thu Feb 23 15:34:02 2023
4095  4095  4095  4095  4095  
   1    62    29  
1677146642 Thu Feb 23 15:34:02 2023
4095   482  4095  4095  4095  
   1   111    29  
1677146643 Thu Feb 23 15:34:03 2023
4095  4095  4095  4095  4095  
   1    58    29  
1677146644 Thu Feb 23 15:34:03 2023
4095  4095  4095  4095  4095  
   1    70    29  
1677146644 Thu Feb 23 15:34:04 2023
4095  4095  4095  4095  4095  
   1    60    29  
1677146644 Thu Feb 23 15:34:04 2023
4095  4095  4095  4095  4095  
   1    60    29  
1677146645 Thu Feb 23 15:34:04 2023
4095   478  4095  4095  4095  
   1    85    29  
1677146645 Thu Feb 23 15:34:05 2023
4095  4095  4095  4095  4095  
   1    68    29  
1677146646 Thu Feb 23 15:34:06 2023
4095  4095  4095  4095  4095  
   1    81    29  
1677146646 Thu Feb 23 15:34:06 2023
4095  4095  4095  4095  4095  
   1    69    29  
1677146647 Thu Feb 23 15:34:07 2023
4095  4095  4095  4095  4095  
   1    76    29  
1677146647 Thu Feb 23 15:34:07 2023
4095  4095  4095  4095  4095  
   1    73    29  
1677146648 Thu Feb 23 15:34:08 2023
4095  4095  4095  4095  4095  
   1    69    29  
1677146649 Thu Feb 23 15:34:09 2023
4095  4095  4095  4095  4095  
   1    71    29  
1677146649 Thu Feb 23 15:34:09 2023
4095  4095  4095  4095  4095  
   1    68    29  
1677146650 Thu Feb 23 15:34:10 2023
4095  4095  4095  4095  4095  
   1    72    29  
1677146650 Thu Feb 23 15:34:10 2023
4095  4095  4095  4095  4095  
   1    60    29  
1677146651 Thu Feb 23 15:34:11 2023
4095  4095  4095  4095  4095  
   1    70    29  
1677146651 Thu Feb 23 15:34:11 2023
4095   491  4095  4095  4095  
   1    87    29  
1677146652 Thu Feb 23 15:34:11 2023
4095  4095  4095  4095  4095  
   1    71    29  
1677146652 Thu Feb 23 15:34:12 2023
4095  4095  4095  4095  4095  
   1    60    29  
1677146652 Thu Feb 23 15:34:12 2023
4095   506  4095  4095  4095  
   1    89    29  
1677146653 Thu Feb 23 15:34:13 2023
4095  4095  4095  4095  4095  
   1    71    29  
1677146654 Thu Feb 23 15:34:13 2023
4095  4095  4095  4095  4095  
   1    87    29  
1677146654 Thu Feb 23 15:34:14 2023
4095  4095  4095  4095  4095  
   1    72    29  
1677146654 Thu Feb 23 15:34:14 2023
4095  4095  4095  4095  4095  
   1    72    29  
1677146655 Thu Feb 23 15:34:14 2023
4095  4095  4095  4095  4095  
   1    62    29  
1677146656 Thu Feb 23 15:34:15 2023
4095  4095  4095  4095  4095  
   1    70    29  
1677146657 Thu Feb 23 15:34:16 2023
4095  4095  4095  4095  4095  
   1    64    29  
1677146657 Thu Feb 23 15:34:17 2023
4095  4095  4095  4095  4095  
   1    80    29  
1677146658 Thu Feb 23 15:34:18 2023
4095  4095  4095  4095  4095  
   1    62    29  
1677146658 Thu Feb 23 15:34:18 2023
4095   495  4095  4095  4095  
   1    89    29  
1677146659 Thu Feb 23 15:34:18 2023
4095   492  4095  4095  4095  
   1    85    29  
1677146660 Thu Feb 23 15:34:19 2023
4095  4095  4095  4095  4095  
   1    70    29  
1677146661 Thu Feb 23 15:34:21 2023
4095  4095  4095  4095  4095  
   1    63    29  
1677146662 Thu Feb 23 15:34:22 2023
4095  4095  4095  4095  4095  
   1    73    29  
1677146663 Thu Feb 23 15:34:23 2023
4095   479  4095  4095  4095  
   1    92    29  
1677146663 Thu Feb 23 15:34:23 2023
4095  4095  4095  4095  4095  
   1    71    29  
1677146665 Thu Feb 23 15:34:25 2023
4095  4095  4095  4095  4095  
   1    68    29  
1677146665 Thu Feb 23 15:34:25 2023
4095  4095  4095  4095  4095  
   1    58    29  
1677146666 Thu Feb 23 15:34:26 2023
4095  4095  4095  4095  4095  
   1    77    29  
1677146666 Thu Feb 23 15:34:26 2023
4095   501  4095  4095  4095  
   1    85    29  
1677146667 Thu Feb 23 15:34:26 2023
4095  4095  4095  4095  4095  
   1    68    29  
1677146667 Thu Feb 23 15:34:27 2023
4095  4095  4095  4095  4095  
   1    74    29  
1677146667 Thu Feb 23 15:34:27 2023
4095  4095  4095  4095  4095  
   1    76    29  
1677146668 Thu Feb 23 15:34:28 2023
4095  4095  4095  4095  4095  
   1    68    29  
1677146669 Thu Feb 23 15:34:29 2023
4095  4095  4095  4095  4095  
   1    61    29  
1677146670 Thu Feb 23 15:34:30 2023
4095  4095  4095  4095  4095  
   1    55    29  
1677146671 Thu Feb 23 15:34:30 2023
4095  4095  4095  4095  4095  
   1    72    29  
1677146672 Thu Feb 23 15:34:32 2023
4095  4095  4095  4095  4095  
   1    74    29  
1677146673 Thu Feb 23 15:34:32 2023
4095   485  4095  4095  4095  
   1    76    29  
1677146673 Thu Feb 23 15:34:33 2023
4095   482  4095  4095  4095  
   1    86    29  
1677146673 Thu Feb 23 15:34:33 2023
4095  4095  4095  4095  4095  
   1    62    29  
1677146674 Thu Feb 23 15:34:34 2023
4095  4095  4095  4095  4095  
   1    71    29  
1677146675 Thu Feb 23 15:34:35 2023
4095  4095  4095  4095  4095  
   1    68    29  
1677146675 Thu Feb 23 15:34:35 2023
4095  4095  4095  4095  4095  
   1    81    29  
1677146677 Thu Feb 23 15:34:36 2023
4095   460  4095  4095  4095  
   1    85    29  
1677146677 Thu Feb 23 15:34:37 2023
4095  4095  4095  4095  4095  
   1    66    29  
1677146677 Thu Feb 23 15:34:37 2023
4095  4095  4095  4095  4095  
   1    67    29  
1677146678 Thu Feb 23 15:34:38 2023
4095  4095  4095  4095  4095  
   1    64    29  
1677146680 Thu Feb 23 15:34:40 2023
4095   515  4095  4095  4095  
   1    90    29  
1677146681 Thu Feb 23 15:34:41 2023
4095  4095  4095  4095  4095  
   1    68    29  
1677146682 Thu Feb 23 15:34:41 2023
4095   527  4095  4095  4095  
   1    81    29  
1677146682 Thu Feb 23 15:34:42 2023
4095  4095  4095  4095  4095  
   1    68    29  
1677146682 Thu Feb 23 15:34:42 2023
4095  4095  4095  4095  4095  
   1    57    29  
1677146683 Thu Feb 23 15:34:42 2023
4095  4095  4095  4095  4095  
   1    67    29  
1677146683 Thu Feb 23 15:34:43 2023
4095  4095  4095  4095  4095  
   1    75    29  
1677146684 Thu Feb 23 15:34:44 2023
4095  4095  4095  4095  4095  
   1    58    29  
1677146684 Thu Feb 23 15:34:44 2023
4095  4095  4095  4095  4095  
   1    76    29  
1677146685 Thu Feb 23 15:34:45 2023
4095  4095  4095  4095  4095  
   1    82    29  
1677146685 Thu Feb 23 15:34:45 2023
4095  4095  4095  4095  4095  
   1    80    29  
1677146685 Thu Feb 23 15:34:45 2023
4095  4095  4095  4095  4095  
   1    66    29  
1677146686 Thu Feb 23 15:34:46 2023
4095  4095  4095  4095  4095  
   1    85    29  
1677146686 Thu Feb 23 15:34:46 2023
4095   483  4095  4095  4095  
   1   122    29  
1677146687 Thu Feb 23 15:34:47 2023
4095  4095  4095  4095  4095  
   1    80    29  
1677146688 Thu Feb 23 15:34:47 2023
4095  4095  4095  4095  4095  
   1    73    29  
1677146689 Thu Feb 23 15:34:48 2023
4095  4095  4095  4095  4095  
   1    59    29  
1677146689 Thu Feb 23 15:34:49 2023
4095  4095  4095  4095  4095  
   1    88    29  
1677146689 Thu Feb 23 15:34:49 2023
4095  4095  4095  4095  4095  
   1    65    29  
1677146692 Thu Feb 23 15:34:52 2023
4095  4095  4095  4095  4095  
   1    76    29  
1677146692 Thu Feb 23 15:34:52 2023
4095  4095  4095  4095  4095  
   1    72    29  
1677146693 Thu Feb 23 15:34:53 2023
4095  4095  4095  4095  4095  
   1    65    29  
1677146693 Thu Feb 23 15:34:53 2023
4095  4095  4095  4095  4095  
   1    82    29  
1677146694 Thu Feb 23 15:34:53 2023
4095  4095  4095  4095  4095  
   1    68    29  
1677146694 Thu Feb 23 15:34:54 2023
4095  4095  4095  4095  4095  
   1    68    29  
1677146694 Thu Feb 23 15:34:54 2023
4095  4095  4095  4095  4095  
   1    73    29  
1677146696 Thu Feb 23 15:34:55 2023
4095  4095  4095  4095  4095  
   1    66    29  
1677146697 Thu Feb 23 15:34:57 2023
4095  4095  4095  4095  4095  
   1    69    29  
1677146697 Thu Feb 23 15:34:57 2023
4095  4095  4095  4095  4095  
   1    73    29  
1677146697 Thu Feb 23 15:34:57 2023
4095   506  4095  4095  4095  
   1    82    29  
1677146698 Thu Feb 23 15:34:58 2023
4095   538  4095  4095  4095  
   1    79    29  
1677146698 Thu Feb 23 15:34:58 2023
4095  4095  4095  4095  4095  
   1    77    29  
1677146700 Thu Feb 23 15:35:00 2023
4095  4095  4095  4095  4095  
   1    70    29  
1677146701 Thu Feb 23 15:35:01 2023
4095  4095  4095  4095  4095  
   1    61    29  
1677146702 Thu Feb 23 15:35:02 2023
4095  4095  4095  4095  4095  
   1    61    29  
1677146703 Thu Feb 23 15:35:03 2023
4095  4095  4095  4095  4095  
   1    64    29  
1677146703 Thu Feb 23 15:35:03 2023
4095  4095  4095  4095  4095  
   1    61    29  
1677146703 Thu Feb 23 15:35:03 2023
4095  4095  4095  4095  4095  
   1    72    29  
1677146704 Thu Feb 23 15:35:03 2023
4095  4095  4095  4095  4095  
   1    72    29  
1677146705 Thu Feb 23 15:35:04 2023
4095  4095  4095  4095  4095  
   1    79    29  
1677146705 Thu Feb 23 15:35:05 2023
4095  4095  4095  4095  4095  
   1    69    29  
1677146706 Thu Feb 23 15:35:06 2023
4095  4095  4095  4095  4095  
   1    71    29  
1677146707 Thu Feb 23 15:35:07 2023
4095  4095  4095  4095  4095  
   1    65    29  
1677146707 Thu Feb 23 15:35:07 2023
4095  4095  4095  4095  4095  
   1    61    29  
1677146709 Thu Feb 23 15:35:08 2023
4095   550  4095  4095  4095  
   1    81    29  
1677146709 Thu Feb 23 15:35:09 2023
4095  4095  4095  4095  4095  
   1    71    29  
1677146709 Thu Feb 23 15:35:09 2023
4095  4095  4095  4095  4095  
   1    72    29  
1677146710 Thu Feb 23 15:35:10 2023
4095  4095  4095  4095  4095  
   1    59    29  
1677146711 Thu Feb 23 15:35:11 2023
4095  4095  4095  4095  4095  
   1    64    29  
1677146712 Thu Feb 23 15:35:12 2023
4095  4095  4095  4095  4095  
   1    70    29  
1677146713 Thu Feb 23 15:35:13 2023
4095  4095  4095  4095  4095  
   1    86    29  
1677146716 Thu Feb 23 15:35:15 2023
4095   485  4095  4095  4095  
   1    81    29  
1677146716 Thu Feb 23 15:35:16 2023
4095   492  4095  4095  4095  
   1    79    29  
1677146717 Thu Feb 23 15:35:17 2023
4095   500  4095  4095  4095  
   1    80    29  
1677146717 Thu Feb 23 15:35:17 2023
4095  4095  4095  4095  4095  
   1    55    29  
1677146719 Thu Feb 23 15:35:19 2023
4095  4095  4095  4095  4095  
   1    67    29  
1677146719 Thu Feb 23 15:35:19 2023
4095  4095  4095  4095  4095  
   1    68    29  
1677146720 Thu Feb 23 15:35:20 2023
4095   490  4095  4095  4095  
   1    75    29  
1677146720 Thu Feb 23 15:35:20 2023
4095  4095  4095  4095  4095  
   1    63    29  
1677146720 Thu Feb 23 15:35:20 2023
4095  4095  4095  4095  4095  
   1    59    29  
1677146721 Thu Feb 23 15:35:21 2023
4095  4095  4095  4095  4095  
   1    72    29  
1677146722 Thu Feb 23 15:35:21 2023
4095  4095  4095  4095  4095  
   1    67    29  
1677146722 Thu Feb 23 15:35:22 2023
4095   492  4095  4095  4095  
   1    82    29  
1677146723 Thu Feb 23 15:35:22 2023
4095  4095  4095  4095  4095  
   1    77    29  
1677146723 Thu Feb 23 15:35:23 2023
4095  4095  4095  4095  4095  
   1    67    29  
1677146724 Thu Feb 23 15:35:23 2023
4095  4095  4095  4095  4095  
   1    70    29  
1677146724 Thu Feb 23 15:35:24 2023
4095   498  4095  4095  4095  
   1    83    29  
1677146726 Thu Feb 23 15:35:26 2023
4095  4095  4095  4095  4095  
   1    60    29  
1677146726 Thu Feb 23 15:35:26 2023
4095  4095  4095  4095  4095  
   1    73    29  
1677146727 Thu Feb 23 15:35:27 2023
4095   498  4095  4095  4095  
   1    84    29  
1677146728 Thu Feb 23 15:35:28 2023
4095  4095  4095  4095  4095  
   1    72    29  
1677146728 Thu Feb 23 15:35:28 2023
4095  4095  4095  4095  4095  
   1    77    29  
1677146729 Thu Feb 23 15:35:29 2023
4095   492  4095  4095  4095  
   1    84    29  
1677146729 Thu Feb 23 15:35:29 2023
4095  4095  4095  4095  4095  
   1    70    29  
1677146729 Thu Feb 23 15:35:29 2023
4095  4095  4095  4095  4095  
   1    59    29  
1677146730 Thu Feb 23 15:35:29 2023
4095   518  4095  4095  4095  
   1    89    29  
1677146730 Thu Feb 23 15:35:30 2023
4095  4095  4095  4095  4095  
   1    79    29  
1677146730 Thu Feb 23 15:35:30 2023
4095  4095  4095  4095  4095  
   1    71    29  
1677146731 Thu Feb 23 15:35:31 2023
4095   509  4095  4095  4095  
   1    78    29  
1677146731 Thu Feb 23 15:35:31 2023
4095  4095  4095  4095  4095  
   1    71    29  
1677146731 Thu Feb 23 15:35:31 2023
4095  4095  4095  4095  4095  
   1    62    29  
1677146732 Thu Feb 23 15:35:32 2023
4095  4095  4095  4095  4095  
   1    68    29  
1677146732 Thu Feb 23 15:35:32 2023
4095  4095  4095  4095  4095  
   1    79    29  
1677146733 Thu Feb 23 15:35:32 2023
4095  4095  4095  4095  4095  
   1    81    29  
1677146733 Thu Feb 23 15:35:33 2023
4095  4095  4095  4095  4095  
   1    62    29  
1677146733 Thu Feb 23 15:35:33 2023
4095  4095  4095  4095  4095  
   1    87    29  
1677146734 Thu Feb 23 15:35:33 2023
4095  4095  4095  4095  4095  
   1    70    29  
1677146734 Thu Feb 23 15:35:34 2023
4095  4095  4095  4095  4095  
   1    76    29  
1677146734 Thu Feb 23 15:35:34 2023
4095  4095  4095  4095  4095  
   1    64    29  
1677146734 Thu Feb 23 15:35:34 2023
4095   474  4095  4095  4095  
   1    93    29  
1677146735 Thu Feb 23 15:35:34 2023
4095  4095  4095  4095  4095  
   1    65    29  
1677146735 Thu Feb 23 15:35:35 2023
4095  4095  4095  4095  4095  
   1    57    29  
1677146736 Thu Feb 23 15:35:35 2023
4095  4095  4095  4095  4095  
   1    67    29  
1677146736 Thu Feb 23 15:35:36 2023
4095  4095  4095  4095  4095  
   1    68    29  
1677146737 Thu Feb 23 15:35:37 2023
4095   487  4095  4095  4095  
   1   104    29  
1677146737 Thu Feb 23 15:35:37 2023
4095  4095  4095  4095  4095  
   1    80    29  
1677146738 Thu Feb 23 15:35:37 2023
4095   468  4095  4095  4095  
   1    86    29  
1677146738 Thu Feb 23 15:35:38 2023
4095   465  4095  4095  4095  
   1    93    29  
1677146738 Thu Feb 23 15:35:38 2023
4095  4095  4095  4095  4095  
   1    82    29  
1677146739 Thu Feb 23 15:35:38 2023
4095  4095  4095  4095  4095  
   1    74    29  
1677146739 Thu Feb 23 15:35:39 2023
4095  4095  4095  4095  4095  
   1    56    29  
1677146739 Thu Feb 23 15:35:39 2023
4095   532  4095  4095  4095  
   1    92    29  
1677146740 Thu Feb 23 15:35:39 2023
4095  4095  4095  4095  4095  
   1    72    29  
1677146740 Thu Feb 23 15:35:40 2023
4095  4095  4095  4095  4095  
   1    65    29  
1677146741 Thu Feb 23 15:35:40 2023
4095  4095  4095  4095  4095  
   1    67    29  
1677146741 Thu Feb 23 15:35:41 2023
4095  4095  4095  4095  4095  
   1    66    29  
1677146742 Thu Feb 23 15:35:41 2023
4095  4095  4095  4095  4095  
   1    64    29  
1677146742 Thu Feb 23 15:35:42 2023
4095  4095  4095  4095  4095  
   1    66    29  
1677146742 Thu Feb 23 15:35:42 2023
4095  4095  4095  4095  4095  
   1    79    29  
1677146743 Thu Feb 23 15:35:43 2023
4095  4095  4095  4095  4095  
   1    72    29  
1677146745 Thu Feb 23 15:35:44 2023
4095   486  4095  4095  4095  
   1    87    29  
1677146745 Thu Feb 23 15:35:45 2023
4095   479  4095  4095  4095  
   1    96    29  
1677146745 Thu Feb 23 15:35:45 2023
4095  4095  4095  4095  4095  
   1    64    29  
1677146746 Thu Feb 23 15:35:46 2023
4095  4095  4095  4095  4095  
   1    70    29  
1677146746 Thu Feb 23 15:35:46 2023
4095  4095  4095  4095  4095  
   1    87    29  
1677146747 Thu Feb 23 15:35:46 2023
4095  4095  4095  4095  4095  
   1    79    29  
1677146747 Thu Feb 23 15:35:47 2023
4095  4095  4095  4095  4095  
   1    72    29  
1677146747 Thu Feb 23 15:35:47 2023
4095  4095  4095  4095  4095  
   1    63    29  
1677146748 Thu Feb 23 15:35:48 2023
4095   517  4095  4095  4095  
   1    77    29  
1677146748 Thu Feb 23 15:35:48 2023
4095  4095  4095  4095  4095  
   1    65    29  
1677146749 Thu Feb 23 15:35:49 2023
4095  4095  4095  4095  4095  
   1    72    29  
1677146750 Thu Feb 23 15:35:49 2023
4095  4095  4095  4095  4095  
   1    75    29  
1677146750 Thu Feb 23 15:35:50 2023
4095  4095  4095  4095  4095  
   1    68    29  
1677146751 Thu Feb 23 15:35:51 2023
4095   507  4095  4095  4095  
   1    81    29  
1677146751 Thu Feb 23 15:35:51 2023
4095   460  4095  4095  4095  
   1   112    29  
1677146752 Thu Feb 23 15:35:51 2023
4095  4095  4095  4095  4095  
   1    78    29  
1677146752 Thu Feb 23 15:35:52 2023
4095  4095  4095  4095  4095  
   1    70    29  
1677146753 Thu Feb 23 15:35:53 2023
4095  4095  4095  4095  4095  
   1    67    29  
1677146753 Thu Feb 23 15:35:53 2023
4095  4095  4095  4095  4095  
   1    62    29  
1677146754 Thu Feb 23 15:35:53 2023
4095  4095  4095  4095  4095  
   1    78    29  
1677146754 Thu Feb 23 15:35:54 2023
4095  4095  4095  4095  4095  
   1    76    29  
1677146754 Thu Feb 23 15:35:54 2023
4095  4095  4095  4095  4095  
   1    67    29  
1677146755 Thu Feb 23 15:35:55 2023
4095  4095  4095  4095  4095  
   1    64    29  
1677146755 Thu Feb 23 15:35:55 2023
4095   505  4095  4095  4095  
   1    93    29  
1677146756 Thu Feb 23 15:35:55 2023
4095  4095  4095  4095  4095  
   1    66    29  
1677146756 Thu Feb 23 15:35:56 2023
4095  4095  4095  4095  4095  
   1    69    29  
1677146757 Thu Feb 23 15:35:56 2023
4095  4095  4095  4095  4095  
   1    72    29  
1677146758 Thu Feb 23 15:35:58 2023
4095  4095  4095  4095  4095  
   1    81    29  
1677146759 Thu Feb 23 15:35:58 2023
4095  4095  4095  4095  4095  
   1    69    29  
1677146760 Thu Feb 23 15:35:59 2023
4095  4095  4095  4095  4095  
   1    79    29  
1677146760 Thu Feb 23 15:36:00 2023
4095  4095  4095  4095  4095  
   1    72    29  
1677146761 Thu Feb 23 15:36:01 2023
4095  4095  4095  4095  4095  
   1    63    29  
1677146762 Thu Feb 23 15:36:02 2023
4095  4095  4095  4095  4095  
   1    59    29  
1677146763 Thu Feb 23 15:36:02 2023
4095  4095  4095  4095  4095  
   1    70    29  
1677146763 Thu Feb 23 15:36:03 2023
4095   474  4095  4095  4095  
   1    91    29  
1677146764 Thu Feb 23 15:36:04 2023
4095  4095  4095  4095  4095  
   1    67    29  
1677146764 Thu Feb 23 15:36:04 2023
4095  4095  4095  4095  4095  
   1    80    29  
1677146764 Thu Feb 23 15:36:04 2023
4095  4095  4095  4095  4095  
   1    68    29  
1677146765 Thu Feb 23 15:36:05 2023
4095  4095  4095  4095  4095  
   1    68    29  
1677146766 Thu Feb 23 15:36:06 2023
4095  4095  4095  4095  4095  
   1    70    29  
1677146766 Thu Feb 23 15:36:06 2023
4095   498  4095  4095  4095  
   1    80    29  
1677146767 Thu Feb 23 15:36:06 2023
4095   462  4095  4095  4095  
   1   144    29  
1677146768 Thu Feb 23 15:36:08 2023
4095  4095  4095  4095  4095  
   1    65    29  
1677146769 Thu Feb 23 15:36:08 2023
4095   487  4095  4095  4095  
   1    84    29  
1677146769 Thu Feb 23 15:36:09 2023
4095  4095  4095  4095  4095  
   1    64    29  
1677146769 Thu Feb 23 15:36:09 2023
4095  4095  4095  4095  4095  
   1    58    29  
1677146769 Thu Feb 23 15:36:09 2023
4095  4095  4095  4095  4095  
   1    72    29  
1677146770 Thu Feb 23 15:36:10 2023
4095   473  4095  4095  4095  
   1   123    29  
1677146771 Thu Feb 23 15:36:10 2023
4095  4095  4095  4095  4095  
   1    74    29  
1677146771 Thu Feb 23 15:36:11 2023
4095  4095  4095  4095  4095  
   1    63    29  
1677146771 Thu Feb 23 15:36:11 2023
4095  4095  4095  4095  4095  
   1    66    29  
1677146772 Thu Feb 23 15:36:12 2023
4095  4095  4095  4095  4095  
   1    67    29  
1677146772 Thu Feb 23 15:36:12 2023
4095  4095  4095  4095  4095  
   1    68    29  
1677146773 Thu Feb 23 15:36:13 2023
4095  4095  4095  4095  4095  
   1    65    29  
1677146774 Thu Feb 23 15:36:14 2023
4095  4095  4095  4095  4095  
   1    43    29  
1677146775 Thu Feb 23 15:36:14 2023
4095  4095  4095  4095  4095  
   1    80    29  
1677146775 Thu Feb 23 15:36:15 2023
4095  4095  4095  4095  4095  
   1    68    29  
1677146776 Thu Feb 23 15:36:16 2023
4095  4095  4095  4095  4095  
   1    60    29  
1677146777 Thu Feb 23 15:36:17 2023
4095  4095  4095  4095  4095  
   1    72    29  
1677146777 Thu Feb 23 15:36:17 2023
4095  4095  4095  4095  4095  
   1    75    29  
1677146778 Thu Feb 23 15:36:17 2023
4095   465  4095  4095  4095  
   1    78    29  
1677146778 Thu Feb 23 15:36:18 2023
4095  4095  4095  4095  4095  
   1    66    29  
1677146778 Thu Feb 23 15:36:18 2023
4095  4095  4095  4095  4095  
   1    74    29  
1677146779 Thu Feb 23 15:36:18 2023
4095  4095  4095  4095  4095  
   1    78    29  
1677146780 Thu Feb 23 15:36:20 2023
4095   512  4095  4095  4095  
   1    84    29  
1677146780 Thu Feb 23 15:36:20 2023
4095  4095  4095  4095  4095  
   1    67    29  
1677146781 Thu Feb 23 15:36:20 2023
4095  4095  4095  4095  4095  
   1    57    29  
1677146781 Thu Feb 23 15:36:21 2023
4095   518  4095  4095  4095  
   1    86    29  
1677146782 Thu Feb 23 15:36:22 2023
4095   539  4095  4095  4095  
   1    78    29  
1677146783 Thu Feb 23 15:36:22 2023
4095  4095  4095  4095  4095  
   1    57    29  
1677146783 Thu Feb 23 15:36:23 2023
4095  4095  4095  4095  4095  
   1    63    29  
1677146784 Thu Feb 23 15:36:23 2023
4095  4095  4095  4095  4095  
   1    67    29  
1677146784 Thu Feb 23 15:36:24 2023
4095   517  4095  4095  4095  
   1    76    29  
1677146785 Thu Feb 23 15:36:24 2023
4095  4095  4095  4095  4095  
   1    78    29  
1677146785 Thu Feb 23 15:36:25 2023
4095   484  4095  4095  4095  
   1   100    29  
1677146785 Thu Feb 23 15:36:25 2023
4095  4095  4095  4095  4095  
   1    74    29  
1677146786 Thu Feb 23 15:36:25 2023
4095  4095  4095  4095  4095  
   1    75    29  
1677146786 Thu Feb 23 15:36:26 2023
4095  4095  4095  4095  4095  
   1    70    29  
1677146787 Thu Feb 23 15:36:27 2023
4095   504  4095  4095  4095  
   1    74    29  
1677146788 Thu Feb 23 15:36:28 2023
4095   440  4095  4095  4095  
   1   127    29  
1677146788 Thu Feb 23 15:36:28 2023
4095  4095  4095  4095  4095  
   1    69    29  
1677146789 Thu Feb 23 15:36:29 2023
4095   507  4095  4095  4095  
   1    84    29  
1677146789 Thu Feb 23 15:36:29 2023
4095  4095  4095  4095  4095  
   1    68    29  
1677146790 Thu Feb 23 15:36:30 2023
4095   548  4095  4095  4095  
   1    81    29  
1677146790 Thu Feb 23 15:36:30 2023
4095  4095  4095  4095  4095  
   1    63    29  
1677146790 Thu Feb 23 15:36:30 2023
4095  4095  4095  4095  4095  
   1    72    29  
1677146791 Thu Feb 23 15:36:30 2023
4095  4095  4095  4095  4095  
   1    64    29  
1677146791 Thu Feb 23 15:36:31 2023
4095  4095  4095  4095  4095  
   1    73    29  
1677146791 Thu Feb 23 15:36:31 2023
4095   479  4095  4095  4095  
   1    85    29  
1677146791 Thu Feb 23 15:36:31 2023
4095  4095  4095  4095  4095  
   1    72    29  
1677146792 Thu Feb 23 15:36:31 2023
4095  4095  4095  4095  4095  
   1    71    29  
1677146792 Thu Feb 23 15:36:32 2023
4095   494  4095  4095  4095  
   1    83    29  
1677146792 Thu Feb 23 15:36:32 2023
4095  4095  4095  4095  4095  
   1    66    29  
1677146792 Thu Feb 23 15:36:32 2023
4095  4095  4095  4095  4095  
   1    69    29  
1677146793 Thu Feb 23 15:36:33 2023
4095  4095  4095  4095  4095  
   1    56    29  
1677146793 Thu Feb 23 15:36:33 2023
4095  4095  4095  4095  4095  
   1    61    29  
1677146793 Thu Feb 23 15:36:33 2023
4095   474  4095  4095  4095  
   1   107    29  
1677146794 Thu Feb 23 15:36:33 2023
4095  4095  4095  4095  4095  
   1    69    29  
1677146794 Thu Feb 23 15:36:34 2023
4095  4095  4095  4095  4095  
   1    68    29  
1677146795 Thu Feb 23 15:36:34 2023
4095  4095  4095  4095  4095  
   1    66    29  
1677146795 Thu Feb 23 15:36:35 2023
4095  4095  4095  4095  4095  
   1    64    29  
1677146795 Thu Feb 23 15:36:35 2023
4095  4095  4095  4095  4095  
   1    85    29  
1677146796 Thu Feb 23 15:36:36 2023
4095  4095  4095  4095  4095  
   1    69    29  
1677146797 Thu Feb 23 15:36:37 2023
4095   490  4095  4095  4095  
   1    89    29  
1677146798 Thu Feb 23 15:36:37 2023
4095   476  4095  4095  4095  
   1    89    29  
1677146798 Thu Feb 23 15:36:38 2023
4095   495  4095  4095  4095  
   1    81    29  
1677146798 Thu Feb 23 15:36:38 2023
4095   472  4095  4095  4095  
   1    64    29  
1677146799 Thu Feb 23 15:36:39 2023
4095  4095  4095  4095  4095  
   1    78    29  
1677146799 Thu Feb 23 15:36:39 2023
4095  4095  4095  4095  4095  
   1    65    29  
1677146800 Thu Feb 23 15:36:40 2023
4095  4095  4095  4095  4095  
   1    70    29  
1677146801 Thu Feb 23 15:36:40 2023
4095  4095  4095  4095  4095  
   1    74    29  
1677146801 Thu Feb 23 15:36:41 2023
4095   544  4095  4095  4095  
   1    81    29  
1677146802 Thu Feb 23 15:36:41 2023
4095   508  4095  4095  4095  
   1    83    29  
1677146802 Thu Feb 23 15:36:42 2023
4095  4095  4095  4095  4095  
   1    60    29  
1677146802 Thu Feb 23 15:36:42 2023
4095   446  4095  4095  4095  
   1   110    29  
1677146803 Thu Feb 23 15:36:42 2023
4095   477  4095  4095  4095  
   1    89    29  
1677146803 Thu Feb 23 15:36:43 2023
4095  4095  4095  4095  4095  
   1    64    29  
1677146804 Thu Feb 23 15:36:43 2023
4095   488  4095  4095  4095  
   1    86    29  
1677146805 Thu Feb 23 15:36:45 2023
4095   472  4095  4095  4095  
   1    95    29  
1677146805 Thu Feb 23 15:36:45 2023
4095   478  4095  4095  4095  
   1    86    29  
1677146805 Thu Feb 23 15:36:45 2023
4095   471  4095  4095  4095  
   1    88    29  
1677146805 Thu Feb 23 15:36:45 2023
4095   496  4095  4095  4095  
   1    81    29  
1677146807 Thu Feb 23 15:36:46 2023
4095  4095  4095  4095  4095  
   1    62    29  
1677146807 Thu Feb 23 15:36:47 2023
4095   476  4095  4095  4095  
   1    93    29  
1677146807 Thu Feb 23 15:36:47 2023
4095  4095  4095  4095  4095  
   1    74    29  
1677146808 Thu Feb 23 15:36:47 2023
4095  4095  4095  4095  4095  
   1    71    29  
1677146808 Thu Feb 23 15:36:48 2023
4095  4095  4095  4095  4095  
   1    70    29  
1677146809 Thu Feb 23 15:36:48 2023
4095   472  4095  4095  4095  
   1   110    29  
1677146809 Thu Feb 23 15:36:49 2023
4095  4095  4095  4095  4095  
   1    78    29  
1677146809 Thu Feb 23 15:36:49 2023
4095   486  4095  4095  4095  
   1    88    29  
1677146810 Thu Feb 23 15:36:49 2023
4095   481  4095  4095  4095  
   1   112    29  
1677146810 Thu Feb 23 15:36:50 2023
4095  4095  4095  4095  4095  
   1    54    29  
1677146812 Thu Feb 23 15:36:52 2023
4095  4095  4095  4095  4095  
   1    66    29  
1677146813 Thu Feb 23 15:36:53 2023
4095   504  4095  4095  4095  
   1    86    29  
1677146814 Thu Feb 23 15:36:54 2023
4095  4095  4095  4095  4095  
   1    70    29  
1677146814 Thu Feb 23 15:36:54 2023
4095  4095  4095  4095  4095  
   1    66    29  
1677146815 Thu Feb 23 15:36:55 2023
4095  4095  4095  4095  4095  
   1    81    29  
1677146815 Thu Feb 23 15:36:55 2023
4095  4095  4095  4095  4095  
   1    69    29  
1677146815 Thu Feb 23 15:36:55 2023
4095   491  4095  4095  4095  
   1    88    29  
1677146816 Thu Feb 23 15:36:55 2023
4095  4095  4095  4095  4095  
   1    68    29  
1677146816 Thu Feb 23 15:36:56 2023
4095   490  4095  4095  4095  
   1    99    29  
1677146816 Thu Feb 23 15:36:56 2023
4095   479  4095  4095  4095  
   1    84    29  
1677146817 Thu Feb 23 15:36:56 2023
4095  4095  4095  4095  4095  
   1    65    29  
1677146817 Thu Feb 23 15:36:57 2023
4095  4095  4095  4095  4095  
   1    78    29  
1677146818 Thu Feb 23 15:36:57 2023
4095  4095  4095  4095  4095  
   1    69    29  
1677146818 Thu Feb 23 15:36:58 2023
4095  4095  4095  4095  4095  
   1    63    29  
1677146818 Thu Feb 23 15:36:58 2023
4095  4095  4095  4095  4095  
   1    63    29  
1677146819 Thu Feb 23 15:36:59 2023
4095  4095  4095  4095  4095  
   1    60    29  
1677146819 Thu Feb 23 15:36:59 2023
4095  4095  4095  4095  4095  
   1    78    29  
1677146821 Thu Feb 23 15:37:00 2023
4095  4095  4095  4095  4095  
   1    73    29  
1677146821 Thu Feb 23 15:37:01 2023
4095   462  4095  4095  4095  
   1    90    29  
1677146821 Thu Feb 23 15:37:01 2023
4095  4095  4095  4095  4095  
   1    63    29  
1677146822 Thu Feb 23 15:37:01 2023
4095   499  4095  4095  4095  
   1    74    29  
1677146822 Thu Feb 23 15:37:02 2023
4095  4095  4095  4095  4095  
   1    77    29  
1677146823 Thu Feb 23 15:37:02 2023
4095  4095  4095  4095  4095  
   1    68    29  
1677146823 Thu Feb 23 15:37:03 2023
4095   483  4095  4095  4095  
   1    77    29  
1677146824 Thu Feb 23 15:37:04 2023
4095   484  4095  4095  4095  
   1   110    29  
1677146824 Thu Feb 23 15:37:04 2023
4095  4095  4095  4095  4095  
   1    67    29  
1677146825 Thu Feb 23 15:37:04 2023
4095  4095  4095  4095  4095  
   1    79    29  
1677146825 Thu Feb 23 15:37:05 2023
4095  4095  4095  4095  4095  
   1    79    29  
1677146826 Thu Feb 23 15:37:06 2023
4095  4095  4095  4095  4095  
   1    69    29  
1677146826 Thu Feb 23 15:37:06 2023
4095   482  4095  4095  4095  
   1    97    29  
1677146827 Thu Feb 23 15:37:07 2023
4095  4095  4095  4095  4095  
   1    74    29  
1677146827 Thu Feb 23 15:37:07 2023
4095  4095  4095  4095  4095  
   1    57    29  
1677146828 Thu Feb 23 15:37:07 2023
4095  4095  4095  4095  4095  
   1    72    29  
1677146829 Thu Feb 23 15:37:09 2023
4095  4095  4095  4095  4095  
   1    62    29  
1677146830 Thu Feb 23 15:37:09 2023
4095  4095  4095  4095  4095  
   1    70    29  
1677146830 Thu Feb 23 15:37:10 2023
4095   479  4095  4095  4095  
   1    91    29  
1677146830 Thu Feb 23 15:37:10 2023
4095  4095  4095  4095  4095  
   1    67    29  
1677146831 Thu Feb 23 15:37:10 2023
4095   494  4095  4095  4095  
   1    78    29  
1677146833 Thu Feb 23 15:37:12 2023
4095  4095  4095  4095  4095  
   1    64    29  
1677146833 Thu Feb 23 15:37:13 2023
4095   465  4095  4095  4095  
   1    89    29  
1677146834 Thu Feb 23 15:37:14 2023
4095  4095  4095  4095  4095  
   1    83    29  
1677146836 Thu Feb 23 15:37:15 2023
4095   471  4095  4095  4095  
   1   108    29  
